  0.0000000e+000 -1.5647915e-001
  1.0000000e+000  2.3905417e-002
  2.0000000e+000  2.0485680e-001
  3.0000000e+000  3.3601147e-001
  4.0000000e+000  5.4873191e-001
  5.0000000e+000  6.9279212e-001
  6.0000000e+000  7.8095136e-001
  7.0000000e+000  4.2026327e-002
  8.0000000e+000  1.9661747e-001
  9.0000000e+000  9.9484643e-001
  1.0000000e+001  3.5725534e-001
  1.1000000e+001  2.4029997e-001
  1.2000000e+001 -2.7657451e-002
  1.3000000e+001 -2.1169372e-001
  1.4000000e+001 -2.6065328e-001
  1.5000000e+001 -2.5813483e-001
  1.6000000e+001 -2.3226276e-001
  1.7000000e+001 -2.5343339e-001
  1.8000000e+001 -6.7651469e-001
  1.9000000e+001 -4.9163667e-001
  2.0000000e+001 -1.0612375e-001
  2.1000000e+001 -1.3715037e-002
  2.2000000e+001 -1.0726429e-002
  2.3000000e+001  5.8291940e-002
  2.4000000e+001  2.7902469e-001
  2.5000000e+001  6.7534447e-001
  2.6000000e+001  7.6431169e-001
  2.7000000e+001  6.5437516e-001
  2.8000000e+001  2.0908868e-002
  2.9000000e+001 -1.5991270e-001
  3.0000000e+001 -1.1730469e-001
  3.1000000e+001 -4.3336236e-001
  3.2000000e+001 -6.2598671e-001
  3.3000000e+001 -5.0033234e-001
  3.4000000e+001 -3.6431964e-001
  3.5000000e+001 -1.0254911e-001
  3.6000000e+001  5.7797311e-001
  3.7000000e+001  7.4601954e-001
  3.8000000e+001  7.0026493e-001
  3.9000000e+001  6.7284013e-001
  4.0000000e+001  4.1968430e-001
  4.1000000e+001  1.3480074e-001
  4.2000000e+001  8.9040017e-002
  4.3000000e+001 -9.7343093e-003
  4.4000000e+001 -2.1586267e-001
  4.5000000e+001 -1.1132281e-001
  4.6000000e+001  3.7414355e-002
  4.7000000e+001 -1.1208650e-002
  4.8000000e+001 -1.1065622e-001
  4.9000000e+001 -1.1099042e-001
  5.0000000e+001 -6.1833386e-002
  5.1000000e+001  1.9162655e-001
  5.2000000e+001  1.9933768e-001
  5.3000000e+001 -4.5161702e-003
  5.4000000e+001 -1.8750822e-001
  5.5000000e+001 -2.4529107e-001
  5.6000000e+001 -9.7343093e-003
  5.7000000e+001  1.4549396e-001
  5.8000000e+001  2.5748937e-001
  5.9000000e+001 -5.4198129e-002
  6.0000000e+001 -1.8759129e-001
  6.1000000e+001  1.5494706e-001
  6.2000000e+001  2.6980995e-001
  6.3000000e+001  3.9388140e-001
  6.4000000e+001  5.8937663e-001
  6.5000000e+001  3.7493877e-001
  6.6000000e+001  2.6602741e-001
  6.7000000e+001  1.5070964e-001
  6.8000000e+001  1.5443835e-001
  6.9000000e+001  1.5818697e-001
  7.0000000e+001 -2.5719451e-002
  7.1000000e+001 -1.4883196e-001
  7.2000000e+001 -8.8381472e-002
  7.3000000e+001 -8.8830785e-002
  7.4000000e+001  3.3026955e-002
  7.5000000e+001  2.2094354e-001
  7.6000000e+001 -2.2286826e-001
  7.7000000e+001 -2.5719346e-001
  7.8000000e+001 -2.2204865e-001
  7.9000000e+001  1.4700065e-001
  8.0000000e+001  2.7420970e-001
  8.1000000e+001  2.1949061e-001
  8.2000000e+001  9.8996459e-002
  8.3000000e+001  3.8157115e-002
  8.4000000e+001 -8.6101265e-002
  8.5000000e+001 -2.5821515e-001
  8.6000000e+001 -2.9163660e-001
  8.7000000e+001  2.8813011e-002
  8.8000000e+001  1.5195034e-001
  8.9000000e+001  2.8079500e-001
  9.0000000e+001  2.8907674e-001
  9.1000000e+001  3.6258274e-001
  9.2000000e+001  2.4152282e-001
  9.3000000e+001  1.1513076e-001
  9.4000000e+001 -1.4418822e-001
  9.5000000e+001 -2.6071682e-001
  9.6000000e+001 -5.7948519e-001
  9.7000000e+001 -1.0703925e+000
  9.8000000e+001 -9.5396872e-001
  9.9000000e+001 -8.3642066e-001
  1.0000000e+002 -7.1790161e-001
  1.0100000e+002 -5.9856492e-001
  1.0200000e+002 -4.7856389e-001
  1.0300000e+002 -3.5805183e-001
  1.0400000e+002 -2.3718203e-001
  1.0500000e+002 -1.5647915e-001
  1.0600000e+002 -1.5647915e-001
  1.0700000e+002 -1.5647915e-001
  1.0800000e+002 -1.5647915e-001
  1.0900000e+002 -1.5647915e-001
  1.1000000e+002 -1.5647915e-001
  1.1100000e+002 -1.5647915e-001
  1.1200000e+002 -1.5647915e-001
  1.1300000e+002 -1.5647915e-001
  1.1400000e+002 -1.5647915e-001
  1.1500000e+002 -1.5647915e-001
  1.1600000e+002 -1.5647915e-001
  1.1700000e+002 -1.5647915e-001
  1.1800000e+002 -1.5647915e-001
  1.1900000e+002 -1.5647915e-001
  1.2000000e+002 -1.5647915e-001
  1.2100000e+002 -1.5647915e-001
  1.2200000e+002 -1.5647915e-001
  1.2300000e+002 -1.5647915e-001
  1.2400000e+002 -1.5647915e-001
  1.2500000e+002 -1.5647915e-001
  1.2600000e+002 -1.5647915e-001
  1.2700000e+002 -1.5647915e-001
  1.2800000e+002 -1.5647915e-001
  1.2900000e+002 -1.5647915e-001
  1.3000000e+002 -1.5647915e-001
  1.3100000e+002 -1.5647915e-001
  1.3200000e+002 -1.5647915e-001
  1.3300000e+002 -1.5647915e-001
  1.3400000e+002 -1.5647915e-001
  1.3500000e+002 -1.5647915e-001
  1.3600000e+002 -1.5647915e-001
  1.3700000e+002 -1.5647915e-001
  1.3800000e+002 -1.5647915e-001
  1.3900000e+002 -1.5647915e-001
  1.4000000e+002 -1.5647915e-001
  1.4100000e+002 -1.5647915e-001
  1.4200000e+002 -1.5647915e-001
  1.4300000e+002 -1.5647915e-001
  1.4400000e+002  6.1786163e-002
  1.4500000e+002  3.0065520e-001
  1.4600000e+002  5.2961732e-001
  1.4700000e+002  7.5919371e-001
  1.4800000e+002  9.8964773e-001
  1.4900000e+002  1.2212426e+000
  1.5000000e+002  9.9103244e-001
  1.5100000e+002  9.5646024e-001
  1.5200000e+002  7.1797496e-001
  1.5300000e+002  2.6451829e-001
  1.5400000e+002 -3.0718755e-001
  1.5500000e+002 -2.7502538e-001
  1.5600000e+002 -2.1601608e-001
  1.5700000e+002  9.0176521e-002
  1.5800000e+002  4.2100872e-002
  1.5900000e+002  4.3988273e-002
  1.6000000e+002  1.5088453e-001
  1.6100000e+002  7.1340559e-001
  1.6200000e+002 -3.1107094e-001
  1.6300000e+002 -8.0132125e-001
  1.6400000e+002 -4.5050829e-001
  1.6500000e+002 -8.6144142e-001
  1.6600000e+002 -4.7088824e-001
  1.6700000e+002 -2.2188571e-001
  1.6800000e+002  2.3281855e-001
  1.6900000e+002  9.5176260e-002
  1.7000000e+002  4.7533528e-001
  1.7100000e+002  9.0225859e-001
  1.7200000e+002  1.0638296e+000
  1.7300000e+002  1.4804571e+000
  1.7400000e+002  1.9222551e+000
  1.7500000e+002  2.0000000e+000
  1.7600000e+002  1.9646284e+000
  1.7700000e+002  8.4150273e-001
  1.7800000e+002  1.6078048e+000
  1.7900000e+002  1.0198676e+000
  1.8000000e+002  1.4087826e+000
  1.8100000e+002  1.2934819e+000
  1.8200000e+002  1.5341984e+000
  1.8300000e+002  9.3052337e-001
  1.8400000e+002  8.6031302e-001
  1.8500000e+002  7.8462426e-001
  1.8600000e+002  1.2203200e-001
  1.8700000e+002 -6.8744892e-002
  1.8800000e+002  2.4578597e-002
  1.8900000e+002 -7.0931728e-002
  1.9000000e+002  1.1638873e-001
  1.9100000e+002  1.1638873e-001
  1.9200000e+002  1.1638873e-001
  1.9300000e+002  1.1638873e-001
  1.9400000e+002  3.0675323e-001
  1.9500000e+002  3.0980647e-001
  1.9600000e+002  6.0384567e-001
  1.9700000e+002  7.1339858e-001
  1.9800000e+002  7.2762757e-001
  1.9900000e+002  5.3994647e-001
  2.0000000e+002  6.4960254e-001
  2.0100000e+002  7.6376545e-001
  2.0200000e+002  5.7036298e-001
  2.0300000e+002  6.8326447e-001
  2.0400000e+002  9.0719108e-001
  2.0500000e+002  1.2521651e+000
  2.0600000e+002  1.1745269e+000
  2.0700000e+002  7.5553305e-001
  2.0800000e+002  5.4411825e-001
  2.0900000e+002  3.2713040e-001
  2.1000000e+002  1.0691866e-001
  2.1100000e+002 -1.1411995e-001
  2.1200000e+002  2.1198993e-001
  2.1300000e+002  4.3300792e-001
  2.1400000e+002  5.4814250e-001
  2.1500000e+002  6.6672915e-001
  2.1600000e+002  4.4942847e-001
  2.1700000e+002  6.8018248e-001
  2.1800000e+002  4.6055832e-001
  2.1900000e+002  5.7884169e-001
  2.2000000e+002  3.5520116e-001
  2.2100000e+002  2.4234330e-001
  2.2200000e+002  1.4453673e-002
  2.2300000e+002  2.3937463e-001
  2.2400000e+002  2.3937463e-001
  2.2500000e+002  2.3937463e-001
  2.2600000e+002  2.3937463e-001
  2.2700000e+002  2.3937463e-001
  2.2800000e+002  1.2563302e-001
  2.2900000e+002 -1.0152034e-001
  2.3000000e+002 -1.0411371e-001
  2.3100000e+002 -3.8491560e-001
  2.3200000e+002 -2.5840757e-001
  2.3300000e+002 -1.9651704e-001
  2.3400000e+002 -1.1390134e-002
  2.3500000e+002 -1.2124454e-001
  2.3600000e+002  9.1433335e-002
  2.3700000e+002  5.2423597e-001
  2.3800000e+002  3.1116380e-001
  2.3900000e+002  3.1274257e-001
  2.4000000e+002  2.0502548e-001
  2.4100000e+002 -1.2046881e-001
  2.4200000e+002 -1.9921866e-001
  2.4300000e+002 -2.0051439e-001
  2.4400000e+002 -2.0177376e-001
  2.4500000e+002 -2.6371454e-001
  2.4600000e+002  4.9514790e-001
  2.4700000e+002 -2.0359524e-001
  2.4800000e+002  7.2183356e-002
  2.4900000e+002 -3.2974588e-002
  2.5000000e+002 -3.4755286e-002
  2.5100000e+002  2.7444210e-001
  2.5200000e+002  3.8058577e-001
  2.5300000e+002  4.8943435e-001
  2.5400000e+002  6.0161580e-001
  2.5500000e+002  7.1776982e-001
  2.5600000e+002  7.2946334e-001
  2.5700000e+002  7.4125420e-001
  2.5800000e+002  1.1999577e+000
  2.5900000e+002  7.7479446e-001
  2.6000000e+002  4.4758778e-001
  2.6100000e+002  6.7793007e-001
  2.6200000e+002  2.3202531e-001
  2.6300000e+002  6.9609496e-003
  2.6400000e+002 -3.2090553e-001
  2.6500000e+002 -3.8500884e-001
  2.6600000e+002 -5.0927602e-001
  2.6700000e+002 -6.2821435e-001
  2.6800000e+002 -5.6339616e-001
  2.6900000e+002  1.7038693e-001
  2.7000000e+002  1.7038693e-001
  2.7100000e+002 -2.0617724e-001
  2.7200000e+002 -5.5750091e-001
  2.7300000e+002  5.1969065e-002
  2.7400000e+002  2.5260176e-001
  2.7500000e+002  5.1969065e-002
  2.7600000e+002 -2.1008767e-001
  2.7700000e+002  4.6871646e-002
  2.7800000e+002  1.4548418e-001
  2.7900000e+002  1.4548418e-001
  2.8000000e+002 -2.1128407e-001
  2.8100000e+002 -2.6881055e-001
  2.8200000e+002 -2.6932553e-001
  2.8300000e+002 -4.8918770e-001
  2.8400000e+002 -5.9185310e-001
  2.8500000e+002 -5.8474827e-001
  2.8600000e+002 -6.2756810e-001
  2.8700000e+002 -6.1788916e-001
  2.8800000e+002 -5.6059889e-001
  2.8900000e+002 -5.9859894e-001
  2.9000000e+002 -8.5114188e-001
  2.9100000e+002 -6.9825896e-001
  2.9200000e+002 -7.9798369e-001
  2.9300000e+002 -6.1779878e-001
  2.9400000e+002 -5.6435674e-001
  2.9500000e+002 -4.4344482e-001
  2.9600000e+002 -4.0092458e-001
  2.9700000e+002 -8.7929925e-002
  2.9800000e+002 -2.5740039e-001
  2.9900000e+002 -4.2389155e-001
  3.0000000e+002 -5.7169159e-001
  3.0100000e+002 -8.7975267e-001
  3.0200000e+002 -9.3622691e-001
  3.0300000e+002 -4.4191557e-001
  3.0400000e+002 -3.3933819e-001
  3.0500000e+002 -2.4774315e-001
  3.0600000e+002 -4.1918442e-001
  3.0700000e+002 -3.9659139e-001
  3.0800000e+002 -5.6938512e-001
  3.0900000e+002 -3.5001219e-001
  3.1000000e+002 -4.0276825e-001
  3.1100000e+002 -3.2877707e-001
  3.1200000e+002 -2.0784365e-001
  3.1300000e+002 -1.5647915e-001
  3.1400000e+002 -1.5647915e-001
  3.1500000e+002 -1.5647915e-001
  3.1600000e+002 -1.5647915e-001
  3.1700000e+002 -1.5647915e-001
  3.1800000e+002 -1.5647915e-001
  3.1900000e+002 -1.5647915e-001
  3.2000000e+002 -1.5647915e-001
  3.2100000e+002 -1.5647915e-001
  3.2200000e+002 -1.5647915e-001
  3.2300000e+002 -1.5647915e-001
  3.2400000e+002 -1.5647915e-001
  3.2500000e+002 -1.5647915e-001
  3.2600000e+002 -1.5647915e-001
  3.2700000e+002 -1.3643642e-001
  3.2800000e+002  1.4129889e-001
  3.2900000e+002  3.6998851e-001
  3.3000000e+002  5.9910898e-001
  3.3100000e+002  8.2892348e-001
  3.3200000e+002  9.7644842e-001
  3.3300000e+002  9.9530657e-001
  3.3400000e+002  1.0518542e+000
  3.3500000e+002  5.0185692e-001
  3.3600000e+002  6.9675265e-001
  3.3700000e+002  6.9322306e-001
  3.3800000e+002  7.9994687e-001
  3.3900000e+002  1.1081345e+000
  3.4000000e+002  4.6696136e-001
  3.4100000e+002  4.8503138e-001
  3.4200000e+002  3.0412696e-001
  3.4300000e+002  4.4692721e-001
  3.4400000e+002  5.3085182e-001
  3.4500000e+002  6.2064752e-001
  3.4600000e+002  7.0706685e-002
  3.4700000e+002  2.1286920e-001
  3.4800000e+002 -6.6297936e-002
  3.4900000e+002 -1.8511999e-001
  3.5000000e+002  1.4091156e-001
  3.5100000e+002  5.7527788e-001
  3.5200000e+002  3.7159142e-001
  3.5300000e+002  1.2393755e-002
  3.5400000e+002  1.2393755e-002
  3.5500000e+002  1.2393755e-002
  3.5600000e+002  1.2393755e-002
  3.5700000e+002  1.2393755e-002
  3.5800000e+002  8.5217098e-002
  3.5900000e+002  2.3345716e-001
  3.6000000e+002  8.9185836e-002
  3.6100000e+002 -5.7074283e-002
  3.6200000e+002 -2.2546539e-001
  3.6300000e+002 -4.2929189e-001
  3.6400000e+002 -4.6286949e-001
  3.6500000e+002 -3.0273352e-001
  3.6600000e+002 -8.4418132e-001
  3.6700000e+002 -8.9596717e-001
  3.6800000e+002 -1.0844207e+000
  3.6900000e+002 -8.2882299e-001
  3.7000000e+002 -7.5179355e-001
  3.7100000e+002 -6.9156037e-001
  3.7200000e+002 -6.3476963e-001
  3.7300000e+002 -4.8309802e-001
  3.7400000e+002 -4.7491875e-001
  3.7500000e+002 -3.5439358e-001
  3.7600000e+002 -2.3351535e-001
  3.7700000e+002 -1.5647915e-001
  3.7800000e+002 -1.5647915e-001
  3.7900000e+002 -1.5647915e-001
  3.8000000e+002 -1.5647915e-001
  3.8100000e+002 -1.5647915e-001
  3.8200000e+002 -1.5647915e-001
  3.8300000e+002 -1.2908253e-002
  3.8400000e+002  2.5214150e-001
  3.8500000e+002  4.8100712e-001
  3.8600000e+002  7.1043125e-001
  3.8700000e+002  9.4067701e-001
  3.8800000e+002  1.1720080e+000
  3.8900000e+002  1.4046872e+000
  3.9000000e+002  1.2393266e+000
  3.9100000e+002  2.5049048e-001
  3.9200000e+002  9.9824228e-001
  3.9300000e+002  8.3230383e-001
  3.9400000e+002  5.6886330e-001
  3.9500000e+002  3.0491982e-002
  3.9600000e+002 -9.0165413e-002
  3.9700000e+002 -1.8770343e-001
  3.9800000e+002 -2.2185244e-001
  3.9900000e+002 -2.5483298e-001
  4.0000000e+002 -3.5071681e-001
  4.0100000e+002 -9.7262577e-001
  4.0200000e+002 -9.4332668e-001
  4.0300000e+002 -8.2568403e-001
  4.0400000e+002 -7.0708432e-001
  4.0500000e+002 -5.8768089e-001
  4.0600000e+002 -4.6762706e-001
  4.0700000e+002 -3.4707614e-001
  4.0800000e+002 -2.2618143e-001
  4.0900000e+002 -1.5647915e-001
  4.1000000e+002 -1.5647915e-001
  4.1100000e+002 -1.5647915e-001
  4.1200000e+002 -1.5647915e-001
  4.1300000e+002 -1.5647915e-001
  4.1400000e+002 -1.5647915e-001
  4.1500000e+002 -1.5647915e-001
  4.1600000e+002 -1.5647915e-001
  4.1700000e+002 -1.5647915e-001
  4.1800000e+002 -1.5647915e-001
  4.1900000e+002 -1.5647915e-001
  4.2000000e+002 -1.5647915e-001
  4.2100000e+002 -1.5647915e-001
  4.2200000e+002 -1.5647915e-001
  4.2300000e+002 -1.5647915e-001
  4.2400000e+002 -1.5647915e-001
  4.2500000e+002 -1.5647915e-001
  4.2600000e+002 -1.5647915e-001
  4.2700000e+002 -1.5647915e-001
  4.2800000e+002  7.2044151e-002
  4.2900000e+002  3.0065520e-001
  4.3000000e+002  5.2961732e-001
  4.3100000e+002  7.5919371e-001
  4.3200000e+002  9.8964773e-001
  4.3300000e+002  1.2212426e+000
  4.3400000e+002  1.4542416e+000
  4.3500000e+002  1.6889080e+000
  4.3600000e+002  7.3365735e-001
  4.3700000e+002  7.1965421e-001
  4.3800000e+002  1.4892382e+000
  4.3900000e+002  9.7819701e-001
  4.4000000e+002  3.9670456e-001
  4.4100000e+002  8.3665128e-001
  4.4200000e+002  2.1558069e-001
  4.4300000e+002  3.6449644e-001
  4.4400000e+002  3.7337169e-001
  4.4500000e+002 -5.9443143e-002
  4.4600000e+002  8.5217098e-002
  4.4700000e+002  8.6205300e-002
  4.4800000e+002 -1.3127916e-001
  4.4900000e+002 -1.8395965e-001
  4.5000000e+002  2.2790972e-001
  4.5100000e+002  1.2393755e-002
  4.5200000e+002 -2.2543191e-001
  4.5300000e+002 -6.2344818e-002
  4.5400000e+002 -6.2917311e-002
  4.5500000e+002 -1.3430104e-001
  4.5600000e+002  6.1928954e-003
  4.5700000e+002  6.1928954e-003
  4.5800000e+002  6.1928954e-003
  4.5900000e+002  6.1928954e-003
  4.6000000e+002  6.1928954e-003
  4.6100000e+002 -1.3503047e-001
  4.6200000e+002  7.5479012e-002
  4.6300000e+002  7.6441155e-002
  4.6400000e+002  2.2103436e-001
  4.6500000e+002 -1.8446950e-001
  4.6600000e+002 -1.3503047e-001
  4.6700000e+002  4.6686249e-003
  4.6800000e+002  4.6686249e-003
  4.6900000e+002 -1.3574962e-001
  4.7000000e+002 -1.3645852e-001
  4.7100000e+002 -6.7953664e-002
  4.7200000e+002 -4.5847313e-001
  4.7300000e+002 -6.3323634e-001
  4.7400000e+002 -7.4755201e-001
  4.7500000e+002 -7.7402174e-001
  4.7600000e+002 -8.4014174e-001
  4.7700000e+002 -8.9315081e-001
  4.7800000e+002 -7.3745087e-001
  4.7900000e+002 -7.5750639e-001
  4.8000000e+002 -6.3842521e-001
  4.8100000e+002 -4.8517581e-001
  4.8200000e+002 -4.0340300e-001
  4.8300000e+002 -2.9848182e-001
  4.8400000e+002 -1.8967107e-001
  4.8500000e+002 -1.5647915e-001
  4.8600000e+002 -1.5647915e-001
  4.8700000e+002 -1.5647915e-001
  4.8800000e+002 -1.5647915e-001
  4.8900000e+002 -1.5647915e-001
  4.9000000e+002 -1.5647915e-001
  4.9100000e+002 -1.2761762e-001
  4.9200000e+002  1.5750651e-002
  4.9300000e+002  8.1169768e-002
  4.9400000e+002 -5.7562040e-003
  4.9500000e+002  2.1110782e-001
  4.9600000e+002  8.5860375e-002
  4.9700000e+002  6.6745230e-002
  4.9800000e+002  2.1602556e-001
  4.9900000e+002  4.7871650e-001
  5.0000000e+002  5.3845294e-001
  5.0100000e+002  5.0715933e-001
  5.0200000e+002  4.0490544e-001
  5.0300000e+002  3.5800583e-001
  5.0400000e+002  2.9796583e-001
  5.0500000e+002  3.6469371e-001
  5.0600000e+002  3.8959098e-001
  5.0700000e+002  3.1448904e-001
  5.0800000e+002  2.8035637e-001
  5.0900000e+002  1.3879712e-001
  5.1000000e+002 -9.7343093e-003
  5.1100000e+002 -5.9688807e-002
  5.1200000e+002 -5.9688807e-002
  5.1300000e+002 -5.9688807e-002
  5.1400000e+002 -5.9688807e-002
  5.1500000e+002 -5.9688807e-002
  5.1600000e+002  2.5049048e-001
  5.1700000e+002  4.7785369e-002
  5.1800000e+002  4.9695172e-002
  5.1900000e+002 -2.1734834e-001
  5.2000000e+002 -2.1676707e-001
  5.2100000e+002 -1.5829412e-001
  5.2200000e+002 -5.9688807e-002
  5.2300000e+002 -5.9688807e-002
  5.2400000e+002 -2.7233502e-001
  5.2500000e+002 -4.5537144e-001
  5.2600000e+002 -8.7571881e-001
  5.2700000e+002 -7.5750639e-001
  5.2800000e+002 -6.3842521e-001
  5.2900000e+002 -5.1862858e-001
  5.3000000e+002 -3.9826983e-001
  5.3100000e+002 -2.7750225e-001
  5.3200000e+002 -1.5647915e-001
  5.3300000e+002 -1.5647915e-001
  5.3400000e+002 -1.5647915e-001
  5.3500000e+002 -1.5647915e-001
  5.3600000e+002 -1.5647915e-001
  5.3700000e+002 -1.5647915e-001
  5.3800000e+002 -1.5647915e-001
  5.3900000e+002 -1.5647915e-001
  5.4000000e+002 -1.5647915e-001
  5.4100000e+002 -1.5647915e-001
  5.4200000e+002 -1.5647915e-001
  5.4300000e+002 -1.5647915e-001
  5.4400000e+002 -1.5647915e-001
  5.4500000e+002 -1.5647915e-001
  5.4600000e+002 -1.5647915e-001
  5.4700000e+002 -1.5647915e-001
  5.4800000e+002 -1.5647915e-001
  5.4900000e+002  6.1786163e-002
  5.5000000e+002  3.0065520e-001
  5.5100000e+002  5.2961732e-001
  5.5200000e+002  6.9320876e-001
  5.5300000e+002  3.6011552e-001
  5.5400000e+002  3.4637799e-001
  5.5500000e+002  2.4240525e-001
  5.5600000e+002 -9.7636150e-002
  5.5700000e+002 -9.7636150e-002
  5.5800000e+002  7.9468405e-002
  5.5900000e+002 -2.3889135e-002
  5.6000000e+002 -9.4688246e-002
  5.6100000e+002 -1.6175307e-001
  5.6200000e+002 -2.2121027e-001
  5.6300000e+002 -1.3185450e-001
  5.6400000e+002 -1.8118262e-001
  5.6500000e+002  3.8375429e-002
  5.6600000e+002 -6.3016950e-002
  5.6700000e+002 -1.3163801e-001
  5.6800000e+002 -2.0051670e-001
  5.6900000e+002 -1.3270810e-001
  5.7000000e+002 -9.9704285e-002
  5.7100000e+002 -6.6089264e-002
  5.7200000e+002  3.8375429e-002
  5.7300000e+002  1.1609187e-001
  5.7400000e+002  2.4173626e-001
  5.7500000e+002  1.8060146e-001
  5.7600000e+002  3.2026758e-001
  5.7700000e+002  2.5597944e-001
  5.7800000e+002 -3.7238408e-002
  5.7900000e+002 -3.6564312e-002
  5.8000000e+002  9.5686677e-002
  5.8100000e+002  1.0081630e-001
  5.8200000e+002  1.0597139e-001
  5.8300000e+002 -2.7657451e-002
  5.8400000e+002 -7.2630242e-002
  5.8500000e+002 -7.2630242e-002
  5.8600000e+002  1.9109069e-002
  5.8700000e+002  4.0711599e-001
  5.8800000e+002  6.4305954e-001
  5.8900000e+002  4.1334168e-001
  5.9000000e+002  2.1333497e-001
  5.9100000e+002  2.2117798e-001
  5.9200000e+002 -3.6986195e-001
  5.9300000e+002 -9.8230174e-001
  5.9400000e+002 -8.6501213e-001
  5.9500000e+002 -7.4671441e-001
  5.9600000e+002 -6.2756187e-001
  5.9700000e+002 -5.0770781e-001
  5.9800000e+002 -3.8730555e-001
  5.9900000e+002 -2.6650840e-001
  6.0000000e+002 -1.5647915e-001
  6.0100000e+002 -1.5647915e-001
  6.0200000e+002 -1.5647915e-001
  6.0300000e+002 -1.5647915e-001
  6.0400000e+002 -1.5647915e-001
  6.0500000e+002 -1.5647915e-001
  6.0600000e+002 -1.5647915e-001
  6.0700000e+002 -1.5647915e-001
  6.0800000e+002 -1.5647915e-001
  6.0900000e+002 -1.5647915e-001
  6.1000000e+002 -1.5647915e-001
  6.1100000e+002 -1.5647915e-001
  6.1200000e+002 -1.5647915e-001
  6.1300000e+002 -1.5647915e-001
  6.1400000e+002 -1.5647915e-001
  6.1500000e+002 -1.5647915e-001
  6.1600000e+002 -1.5647915e-001
  6.1700000e+002 -1.5647915e-001
  6.1800000e+002 -1.5647915e-001
  6.1900000e+002 -1.5647915e-001
  6.2000000e+002 -1.5647915e-001
  6.2100000e+002 -1.5647915e-001
  6.2200000e+002 -1.5647915e-001
  6.2300000e+002 -1.5647915e-001
  6.2400000e+002 -1.5647915e-001
  6.2500000e+002 -1.5647915e-001
  6.2600000e+002 -7.0091272e-002
  6.2700000e+002  8.3011684e-002
  6.2800000e+002  3.8385968e-001
  6.2900000e+002  3.6663107e-001
  6.3000000e+002  4.6019321e-001
  6.3100000e+002  3.1060784e-001
  6.3200000e+002  2.9339205e-001
  6.3300000e+002  6.7456627e-001
  6.3400000e+002  7.3673491e-001
  6.3500000e+002  5.0790553e-001
  6.3600000e+002  4.5842137e-001
  6.3700000e+002  4.4366469e-001
  6.3800000e+002  5.2517528e-001
  6.3900000e+002  3.4637294e-001
  6.4000000e+002  9.7033996e-002
  6.4100000e+002  1.5359100e-001
  6.4200000e+002 -1.4932254e-003
  6.4300000e+002 -7.3273577e-004
  6.4400000e+002 -5.3077374e-002
  6.4500000e+002  5.3537558e-002
  6.4600000e+002  1.5602472e-003
  6.4700000e+002 -5.1381822e-002
  6.4800000e+002 -2.4815910e-001
  6.4900000e+002 -2.4687196e-001
  6.5000000e+002 -6.2618320e-001
  6.5100000e+002 -6.5874538e-001
  6.5200000e+002 -7.4312465e-001
  6.5300000e+002 -5.2475644e-001
  6.5400000e+002 -4.4899947e-001
  6.5500000e+002 -5.2636479e-001
  6.5600000e+002 -4.3436159e-001
  6.5700000e+002 -3.4197689e-001
  6.5800000e+002 -2.4401269e-001
  6.5900000e+002 -1.8785492e-001
  6.6000000e+002 -1.5647915e-001
  6.6100000e+002 -1.5647915e-001
  6.6200000e+002 -1.5647915e-001
  6.6300000e+002 -1.5647915e-001
  6.6400000e+002 -1.5647915e-001
  6.6500000e+002 -1.5647915e-001
  6.6600000e+002 -1.5647915e-001
  6.6700000e+002 -1.5647915e-001
  6.6800000e+002 -1.5647915e-001
  6.6900000e+002 -1.5647915e-001
  6.7000000e+002 -1.5647915e-001
  6.7100000e+002 -1.5647915e-001
  6.7200000e+002 -1.5647915e-001
  6.7300000e+002 -1.5647915e-001
  6.7400000e+002 -1.1719540e-001
  6.7500000e+002 -2.0545350e-002
  6.7600000e+002 -4.5736524e-002
  6.7700000e+002  1.3746287e-001
  6.7800000e+002  3.7045485e-001
  6.7900000e+002  3.5542843e-001
  6.8000000e+002  4.8285919e-001
  6.8100000e+002  2.1403981e-001
  6.8200000e+002  4.9042972e-001
  6.8300000e+002  1.3308831e-003
  6.8400000e+002 -1.6185527e-001
  6.8500000e+002 -9.9704285e-002
  6.8600000e+002  5.2626729e-001
  6.8700000e+002  2.9578947e-001
  6.8800000e+002  2.7762156e-001
  6.8900000e+002  5.2424531e-001
  6.9000000e+002  3.7712234e-001
  6.9100000e+002 -7.2630242e-002
  6.9200000e+002 -2.1169372e-001
  6.9300000e+002  2.0060258e-001
  6.9400000e+002  2.1080558e-001
  6.9500000e+002  2.6348547e-002
  6.9600000e+002 -3.6951750e-001
  6.9700000e+002 -3.3649278e-001
  6.9800000e+002 -3.7575559e-001
  6.9900000e+002 -6.4371984e-001
  7.0000000e+002 -6.5107310e-001
  7.0100000e+002 -5.5299899e-001
  7.0200000e+002 -4.5438735e-001
  7.0300000e+002 -3.4751032e-001
  7.0400000e+002 -2.3749486e-001
  7.0500000e+002 -2.0352574e-001
  7.0600000e+002 -1.7472293e-001
  7.0700000e+002 -1.6490943e-001
  7.0800000e+002 -1.5647915e-001
  7.0900000e+002  2.6638136e-002
  7.1000000e+002  2.9372378e-001
  7.1100000e+002  4.7032909e-001
  7.1200000e+002  6.1033239e-001
  7.1300000e+002  3.1060784e-001
  7.1400000e+002  5.3845294e-001
  7.1500000e+002  6.2663813e-001
  7.1600000e+002  5.4074097e-001
  7.1700000e+002  7.3918351e-001
  7.1800000e+002  6.6914392e-001
  7.1900000e+002  6.2310708e-001
  7.2000000e+002  4.5256597e-001
  7.2100000e+002  4.7806791e-001
  7.2200000e+002  2.7689251e-001
  7.2300000e+002  2.3065416e-001
  7.2400000e+002  1.2395541e-001
  7.2500000e+002  1.8527224e-001
  7.2600000e+002  1.3235786e-001
  7.2700000e+002 -3.9012643e-002
  7.2800000e+002 -1.8788236e-001
  7.2900000e+002 -9.7763792e-002
  7.3000000e+002 -1.5449302e-001
  7.3100000e+002 -2.5184989e-001
  7.3200000e+002 -3.1250833e-001
  7.3300000e+002 -4.8419727e-001
  7.3400000e+002 -6.5162010e-001
  7.3500000e+002 -6.1097853e-001
  7.3600000e+002 -6.7022138e-001
  7.3700000e+002 -6.0381156e-001
  7.3800000e+002 -4.0486417e-001
  7.3900000e+002 -4.8201372e-001
  7.4000000e+002 -4.7851672e-001
  7.4100000e+002 -3.7642228e-001
  7.4200000e+002 -2.6300973e-001
  7.4300000e+002 -1.8001444e-001
  7.4400000e+002 -1.5181231e-001
  7.4500000e+002 -1.6140886e-001
  7.4600000e+002 -1.5647915e-001
  7.4700000e+002  3.3230852e-002
  7.4800000e+002  2.7986184e-001
  7.4900000e+002  5.0878112e-001
  7.5000000e+002  7.3829082e-001
  7.5100000e+002  8.1420306e-001
  7.5200000e+002  4.9952465e-001
  7.5300000e+002  2.3950488e-001
  7.5400000e+002  3.4211378e-001
  7.5500000e+002  4.1533857e-001
  7.5600000e+002  4.9663966e-001
  7.5700000e+002  4.8733765e-001
  7.5800000e+002  8.3958559e-001
  7.5900000e+002  7.4281707e-001
  7.6000000e+002  5.0375917e-001
  7.6100000e+002  2.3701145e-001
  7.6200000e+002  1.2874448e-001
  7.6300000e+002  3.0915808e-001
  7.6400000e+002 -3.7171773e-002
  7.6500000e+002 -3.7171773e-002
  7.6600000e+002 -9.5307659e-002
  7.6700000e+002 -1.8787166e-001
  7.6800000e+002 -1.5388396e-001
  7.6900000e+002 -4.0834660e-002
  7.7000000e+002 -4.0834660e-002
  7.7100000e+002 -9.7763792e-002
  7.7200000e+002 -2.8418846e-001
  7.7300000e+002 -1.0053517e-001
  7.7400000e+002 -4.5602672e-002
  7.7500000e+002 -4.5602672e-002
  7.7600000e+002 -4.5602672e-002
  7.7700000e+002 -4.5602672e-002
  7.7800000e+002 -4.5602672e-002
  7.7900000e+002  1.0118437e-002
  7.8000000e+002  1.8108020e-001
  7.8100000e+002  2.4500375e-001
  7.8200000e+002  8.6845110e-001
  7.8300000e+002  5.9527459e-001
  7.8400000e+002  6.2190813e-001
  7.8500000e+002  6.4877125e-001
  7.8600000e+002 -1.0019733e-002
  7.8700000e+002  3.9670456e-001
  7.8800000e+002  2.6865846e-001
  7.8900000e+002  2.0479556e-001
  7.9000000e+002 -6.9586606e-002
  7.9100000e+002 -1.3852440e-001
  7.9200000e+002 -2.8000992e-003
  7.9300000e+002 -7.1196946e-002
  7.9400000e+002 -1.8584996e-001
  7.9500000e+002 -2.6315238e-001
  7.9600000e+002 -7.5894400e-002
  7.9700000e+002 -2.6214212e-001
  7.9800000e+002 -2.6126167e-001
  7.9900000e+002 -8.1369792e-002
  8.0000000e+002 -1.8705848e-001
  8.0100000e+002 -8.3290074e-002
  8.0200000e+002 -4.0092458e-001
  8.0300000e+002 -2.9228346e-001
  8.0400000e+002 -9.0605872e-002
  8.0500000e+002 -3.0896800e-002
  8.0600000e+002 -3.0896800e-002
  8.0700000e+002 -3.0896800e-002
  8.0800000e+002 -1.8772436e-001
  8.0900000e+002 -9.2345834e-002
  8.1000000e+002 -3.3432658e-002
  8.1100000e+002 -1.5171727e-001
  8.1200000e+002 -2.2144491e-001
  8.1300000e+002 -3.1907592e-001
  8.1400000e+002 -2.5232212e-001
  8.1500000e+002 -3.1346079e-001
  8.1600000e+002 -5.4352498e-001
  8.1700000e+002 -6.0051288e-001
  8.1800000e+002 -5.4437114e-001
  8.1900000e+002 -4.7120469e-001
  8.2000000e+002 -4.0729961e-001
  8.2100000e+002 -8.8154136e-002
  8.2200000e+002  2.7762156e-001
  8.2300000e+002  2.5391251e-001
  8.2400000e+002  1.3591323e-001
  8.2500000e+002  1.8877328e-001
  8.2600000e+002  1.9890783e-001
  8.2700000e+002  2.0910093e-001
  8.2800000e+002  3.1871753e-001
  8.2900000e+002  4.3988366e-001
  8.3000000e+002  4.6529376e-001
  8.3100000e+002  2.6804416e-001
  8.3200000e+002 -5.0812766e-002
  8.3300000e+002  5.7410752e-002
  8.3400000e+002  5.9359036e-002
  8.3500000e+002  6.1315187e-002
  8.3600000e+002  2.8936257e-001
  8.3700000e+002  1.2634586e-001
  8.3800000e+002  3.6487327e-001
  8.3900000e+002  2.0548101e-002
  8.4000000e+002  2.1364974e-002
  8.4100000e+002  2.2183951e-002
  8.4200000e+002 -9.4472106e-002
  8.4300000e+002 -3.8397544e-001
  8.4400000e+002 -2.8383583e-001
  8.4500000e+002 -2.5064860e-001
  8.4600000e+002 -4.5774386e-001
  8.4700000e+002 -3.3281722e-001
  8.4800000e+002 -2.4421555e-001
  8.4900000e+002  8.7905314e-002
  8.5000000e+002  9.1314849e-002
  8.5100000e+002  1.4683883e-001
  8.5200000e+002  4.6833294e-002
  8.5300000e+002  2.0865222e-001
  8.5400000e+002  3.2708985e-001
  8.5500000e+002  2.8400637e-001
  8.5600000e+002  1.2276324e-001
  8.5700000e+002  3.0012939e-001
  8.5800000e+002  3.1097006e-001
  8.5900000e+002  8.1322688e-002
  8.6000000e+002 -9.4051141e-002
  8.6100000e+002 -9.4472106e-002
  8.6200000e+002 -9.4890945e-002
  8.6300000e+002 -2.2101747e-001
  8.6400000e+002 -2.2057040e-001
  8.6500000e+002 -9.8565859e-002
  8.6600000e+002 -4.2638010e-002
  8.6700000e+002 -2.1998436e-001
  8.6800000e+002 -2.1949411e-001
  8.6900000e+002 -2.8060908e-001
  8.7000000e+002  1.6723767e-001
  8.7100000e+002  2.2906984e-001
  8.7200000e+002  1.2276324e-001
  8.7300000e+002  6.9219729e-002
  8.7400000e+002 -1.5647915e-001
  8.7500000e+002  6.9219729e-002
  8.7600000e+002 -4.2638010e-002
  8.7700000e+002 -4.2638010e-002
  8.7800000e+002 -1.8788541e-001
  8.7900000e+002 -1.8787080e-001
  8.8000000e+002 -2.5040483e-001
  8.8100000e+002 -1.8778038e-001
  8.8200000e+002 -1.0432324e-001
  8.8300000e+002 -5.1381822e-002
  8.8400000e+002 -5.1381822e-002
  8.8500000e+002 -1.5647915e-001
  8.8600000e+002 -1.0542137e-001
  8.8700000e+002 -5.3077374e-002
  8.8800000e+002 -1.8764115e-001
  8.8900000e+002 -1.8756470e-001
  8.9000000e+002 -5.6416848e-002
  8.9100000e+002  1.0048776e-001
  8.9200000e+002 -1.0685864e-001
  8.9300000e+002 -1.8753701e-001
  8.9400000e+002 -3.5897599e-001
  8.9500000e+002 -4.0552899e-001
  8.9600000e+002 -4.4440676e-001
  8.9700000e+002 -2.6106978e-001
  8.9800000e+002 -7.7030974e-002
  8.9900000e+002 -3.3170435e-002
  9.0000000e+002  3.3443576e-001
  9.0100000e+002  3.0605245e-001
  9.0200000e+002  2.2278555e-001
  9.0300000e+002  3.2772826e-002
  9.0400000e+002  3.4624098e-002
  9.0500000e+002  1.8855485e-001
  9.0600000e+002  4.1159923e-002
  9.0700000e+002 -8.2526526e-003
  9.0800000e+002 -7.5090726e-003
  9.0900000e+002  4.4934757e-002
  9.1000000e+002 -1.8744737e-001
  9.1100000e+002 -1.5829412e-001
  9.1200000e+002 -5.9688807e-002
  9.1300000e+002 -5.9688807e-002
  9.1400000e+002 -1.8727636e-001
  9.1500000e+002 -1.5869244e-001
  9.1600000e+002 -1.5884439e-001
  9.1700000e+002 -6.3422872e-002
  9.1800000e+002  3.5552389e-002
  9.1900000e+002  1.9008979e-001
  9.2000000e+002 -5.9688807e-002
  9.2100000e+002 -2.1586267e-001
  9.2200000e+002 -6.1833386e-002
  9.2300000e+002 -2.4312309e-001
  9.2400000e+002  1.3347219e-001
  9.2500000e+002  2.4178332e-001
  9.2600000e+002  1.9933768e-001
  9.2700000e+002 -2.4582238e-001
  9.2800000e+002 -4.1040386e-001
  9.2900000e+002 -6.2117678e-001
  9.3000000e+002 -5.5889962e-001
  9.3100000e+002 -7.5220868e-001
  9.3200000e+002 -6.5290045e-001
  9.3300000e+002 -5.3318239e-001
  9.3400000e+002 -4.1288360e-001
  9.3500000e+002 -2.9215740e-001
  9.3600000e+002 -1.7115711e-001
  9.3700000e+002 -1.5647915e-001
  9.3800000e+002 -1.5647915e-001
  9.3900000e+002 -1.5647915e-001
  9.4000000e+002 -7.6308232e-002
  9.4100000e+002  2.1056901e-001
  9.4200000e+002  4.3936137e-001
  9.4300000e+002  6.6866437e-001
  9.4400000e+002  8.9874119e-001
  9.4500000e+002  7.0957589e-001
  9.4600000e+002  3.1836800e-001
  9.4700000e+002  4.7533528e-001
  9.4800000e+002  3.8460685e-001
  9.4900000e+002  3.2071280e-001
  9.5000000e+002  3.8959098e-001
  9.5100000e+002  6.7207381e-001
  9.5200000e+002  8.9337226e-001
  9.5300000e+002  6.1363959e-001
  9.5400000e+002  2.9473685e-001
  9.5500000e+002  1.2994687e-001
  9.5600000e+002  1.7301705e-002
  9.5700000e+002 -3.9622068e-002
  9.5800000e+002 -3.9622068e-002
  9.5900000e+002 -3.4897424e-001
  9.6000000e+002 -1.5647915e-001
  9.6100000e+002 -1.8785518e-001
  9.6200000e+002 -2.1898510e-001
  9.6300000e+002 -1.8776388e-001
  9.6400000e+002 -2.4815910e-001
  9.6500000e+002 -1.8759129e-001
  9.6600000e+002 -2.4608642e-001
  9.6700000e+002 -4.3832876e-001
  9.6800000e+002 -6.2117678e-001
  9.6900000e+002 -2.3562775e-001
  9.7000000e+002 -7.7511938e-002
  9.7100000e+002  5.4669379e-002
  9.7200000e+002  2.4219081e-001
  9.7300000e+002  1.5972444e-001
  9.7400000e+002 -1.5985342e-001
  9.7500000e+002 -7.1133921e-002
  9.7600000e+002  2.1811271e-002
  9.7700000e+002 -1.8633210e-001
  9.7800000e+002 -7.1634356e-002
  9.7900000e+002 -7.1634356e-002
  9.8000000e+002  3.0815907e-001
  9.8100000e+002  1.7482043e-001
  9.8200000e+002  2.3312141e-001
  9.8300000e+002  3.8348030e-002
  9.8400000e+002  9.1314849e-002
  9.8500000e+002  1.4683883e-001
  9.8600000e+002 -5.2671960e-003
  9.8700000e+002 -1.0791667e-001
  9.8800000e+002 -2.4555727e-001
  9.8900000e+002 -3.5529287e-001
  9.9000000e+002 -2.1443475e-001
  9.9100000e+002 -2.4060448e-001
  9.9200000e+002 -1.8644467e-001
  9.9300000e+002 -2.1240256e-001
  9.9400000e+002 -2.3712038e-001
  9.9500000e+002 -2.1078624e-001
  9.9600000e+002 -3.7575559e-001
  9.9700000e+002 -7.3230780e-001
  9.9800000e+002 -6.7459299e-001
  9.9900000e+002 -5.5499699e-001
  1.0000000e+003 -4.3479238e-001
  1.0010000e+003 -3.1413250e-001
  1.0020000e+003 -1.9317064e-001
  1.0030000e+003 -1.5647915e-001
  1.0040000e+003 -1.5647915e-001
  1.0050000e+003 -1.5647915e-001
  1.0060000e+003 -1.5647915e-001
  1.0070000e+003 -1.5647915e-001
  1.0080000e+003 -1.5647915e-001
  1.0090000e+003 -1.5647915e-001
  1.0100000e+003 -1.5647915e-001
  1.0110000e+003 -1.5647915e-001
  1.0120000e+003 -1.5647915e-001
  1.0130000e+003 -1.5647915e-001
  1.0140000e+003 -1.5647915e-001
  1.0150000e+003 -1.5647915e-001
  1.0160000e+003 -1.5647915e-001
  1.0170000e+003 -1.5647915e-001
  1.0180000e+003 -1.5647915e-001
  1.0190000e+003 -1.5647915e-001
  1.0200000e+003 -1.5647915e-001
  1.0210000e+003 -1.5647915e-001
  1.0220000e+003 -1.5647915e-001
  1.0230000e+003 -1.5647915e-001
  1.0240000e+003 -1.5647915e-001
  1.0250000e+003 -1.5647915e-001
  1.0260000e+003 -1.5647915e-001
  1.0270000e+003 -1.5647915e-001
  1.0280000e+003 -1.5647915e-001
  1.0290000e+003 -1.5647915e-001
  1.0300000e+003 -1.5647915e-001
  1.0310000e+003 -1.5647915e-001
  1.0320000e+003 -1.5647915e-001
  1.0330000e+003 -1.2388744e-001
  1.0340000e+003  8.0440367e-002
  1.0350000e+003  3.4918470e-001
  1.0360000e+003  5.7825508e-001
  1.0370000e+003  8.0799566e-001
  1.0380000e+003  9.5662739e-001
  1.0390000e+003  4.6374158e-001
  1.0400000e+003  5.1533016e-001
  1.0410000e+003  7.0840965e-001
  1.0420000e+003  4.8154150e-001
  1.0430000e+003  4.1465183e-001
  1.0440000e+003  3.3570082e-001
  1.0450000e+003  3.5279791e-001
  1.0460000e+003  4.2512003e-001
  1.0470000e+003  1.1095149e-001
  1.0480000e+003  2.8222494e-001
  1.0490000e+003  2.3541911e-001
  1.0500000e+003  1.8527224e-001
  1.0510000e+003 -1.8788929e-001
  1.0520000e+003 -2.5184989e-001
  1.0530000e+003 -2.5064860e-001
  1.0540000e+003 -4.8516972e-002
  1.0550000e+003 -3.1010690e-001
  1.0560000e+003 -6.1477948e-001
  1.0570000e+003 -6.3135015e-001
  1.0580000e+003 -3.6075233e-001
  1.0590000e+003 -3.2880328e-001
  1.0600000e+003 -6.6467528e-001
  1.0610000e+003 -6.5107310e-001
  1.0620000e+003 -5.1984550e-001
  1.0630000e+003 -2.9065247e-001
  1.0640000e+003 -1.9822043e-001
  1.0650000e+003 -2.0760599e-001
  1.0660000e+003 -1.9404556e-001
  1.0670000e+003 -1.8190617e-001
  1.0680000e+003 -1.8083452e-001
  1.0690000e+003 -1.4618817e-001
  1.0700000e+003 -9.3054629e-002
  1.0710000e+003 -9.1574921e-002
  1.0720000e+003 -1.7069183e-001
  1.0730000e+003 -1.4618817e-001
  1.0740000e+003 -1.9759905e-001
  1.0750000e+003 -2.2518781e-001
  1.0760000e+003 -2.6396576e-001
  1.0770000e+003 -1.8801705e-001
  1.0780000e+003 -2.0029218e-001
  1.0790000e+003 -1.7333805e-001
  1.0800000e+003 -1.5647915e-001
  1.0810000e+003 -1.5647915e-001
  1.0820000e+003 -1.4860123e-001
  1.0830000e+003 -1.1943651e-001
  1.0840000e+003 -9.6971839e-004
  1.0850000e+003  3.2145149e-001
  1.0860000e+003  4.9651157e-001
  1.0870000e+003  6.0320371e-001
  1.0880000e+003  2.2655812e-001
  1.0890000e+003  3.7373716e-002
  1.0900000e+003  3.7838950e-001
  1.0910000e+003  6.6726612e-001
  1.0920000e+003  6.7531447e-001
  1.0930000e+003  3.3995274e-001
  1.0940000e+003  5.8173016e-003
  1.0950000e+003 -3.5888661e-002
  1.0960000e+003 -3.5211457e-002
  1.0970000e+003  5.3587143e-002
  1.0980000e+003  2.8716744e-001
  1.0990000e+003  1.5972444e-001
  1.1000000e+003  3.1448904e-001
  1.1010000e+003  2.8035637e-001
  1.1020000e+003  1.9008979e-001
  1.1030000e+003 -1.0998236e-001
  1.1040000e+003 -1.1032020e-001
  1.1050000e+003  4.0220809e-002
  1.1060000e+003  1.4549396e-001
  1.1070000e+003  1.5088453e-001
  1.1080000e+003  4.9695172e-002
  1.1090000e+003  1.5902664e-001
  1.1100000e+003  5.5470270e-002
  1.1110000e+003  1.1212378e-001
  1.1120000e+003  5.4206975e-003
  1.1130000e+003 -4.8516972e-002
  1.1140000e+003 -4.8516972e-002
  1.1150000e+003 -1.0283178e-001
  1.1160000e+003 -1.0320758e-001
  1.1170000e+003 -4.9668794e-002
  1.1180000e+003 -1.8776388e-001
  1.1190000e+003 -1.0469122e-001
  1.1200000e+003 -2.1791195e-001
  1.1210000e+003 -2.4687196e-001
  1.1220000e+003 -3.5897599e-001
  1.1230000e+003 -4.0552899e-001
  1.1240000e+003 -6.1097853e-001
  1.1250000e+003 -4.6383775e-001
  1.1260000e+003 -6.3043735e-001
  1.1270000e+003 -4.0414071e-001
  1.1280000e+003 -4.5538116e-001
  1.1290000e+003 -5.4772764e-001
  1.1300000e+003 -4.2749108e-001
  1.1310000e+003 -3.0680853e-001
  1.1320000e+003 -1.8583330e-001
  1.1330000e+003 -1.5647915e-001
  1.1340000e+003 -1.5647915e-001
  1.1350000e+003 -1.5647915e-001
  1.1360000e+003 -1.5647915e-001
  1.1370000e+003 -1.5647915e-001
  1.1380000e+003 -1.5647915e-001
  1.1390000e+003 -1.5647915e-001
  1.1400000e+003 -1.5647915e-001
  1.1410000e+003 -1.5647915e-001
  1.1420000e+003 -1.5647915e-001
  1.1430000e+003 -1.5647915e-001
  1.1440000e+003 -1.5647915e-001
  1.1450000e+003 -1.5647915e-001
  1.1460000e+003 -1.5647915e-001
  1.1470000e+003 -1.5647915e-001
  1.1480000e+003 -1.5647915e-001
  1.1490000e+003 -6.1562908e-002
  1.1500000e+003  2.1749715e-001
  1.1510000e+003  4.4630111e-001
  1.1520000e+003  6.7562369e-001
  1.1530000e+003  9.0572808e-001
  1.1540000e+003  1.1368776e+000
  1.1550000e+003  9.7527683e-001
  1.1560000e+003  8.0338609e-001
  1.1570000e+003  1.6725122e-001
  1.1580000e+003 -2.4003364e-001
  1.1590000e+003 -2.3858918e-001
  1.1600000e+003 -6.9663474e-001
  1.1610000e+003 -7.6469702e-001
  1.1620000e+003 -6.4566416e-001
  1.1630000e+003 -5.2590654e-001
  1.1640000e+003 -4.0557748e-001
  1.1650000e+003 -2.8483031e-001
  1.1660000e+003 -1.6381833e-001
  1.1670000e+003 -1.5647915e-001
  1.1680000e+003 -1.5647915e-001
  1.1690000e+003 -1.5647915e-001
  1.1700000e+003 -1.5647915e-001
  1.1710000e+003 -1.5647915e-001
  1.1720000e+003 -1.5647915e-001
  1.1730000e+003 -1.5647915e-001
  1.1740000e+003 -1.5647915e-001
  1.1750000e+003 -1.5647915e-001
  1.1760000e+003 -1.5647915e-001
  1.1770000e+003 -1.5647915e-001
  1.1780000e+003 -1.1273303e-001
  1.1790000e+003 -5.2907529e-003
  1.1800000e+003  2.5465640e-001
  1.1810000e+003  5.2267138e-001
  1.1820000e+003  4.1135785e-001
  1.1830000e+003  1.1858447e-001
  1.1840000e+003 -8.7371908e-002
  1.1850000e+003 -1.9098029e-001
  1.1860000e+003 -6.2899964e-002
  1.1870000e+003 -3.4369473e-002
  1.1880000e+003 -1.1301311e-001
  1.1890000e+003  1.4251148e-001
  1.1900000e+003  3.6140516e-001
  1.1910000e+003  4.1244149e-001
  1.1920000e+003  5.0437361e-001
  1.1930000e+003  3.4740555e-001
  1.1940000e+003  4.6591657e-001
  1.1950000e+003  1.3738954e-001
  1.1960000e+003  5.4669379e-002
  1.1970000e+003 -7.6064300e-002
  1.1980000e+003 -1.8557579e-001
  1.1990000e+003 -1.8536559e-001
  1.2000000e+003  5.1427375e-002
  1.2010000e+003  5.4669379e-002
  1.2020000e+003  1.2861462e-002
  1.2030000e+003 -1.1935476e-001
  1.2040000e+003 -1.6045266e-001
  1.2050000e+003 -1.6054934e-001
  1.2060000e+003 -7.7511938e-002
  1.2070000e+003 -1.2077066e-001
  1.2080000e+003 -4.1851789e-001
  1.2090000e+003 -2.5213285e-001
  1.2100000e+003 -1.8375987e-001
  1.2110000e+003  7.0404297e-002
  1.2120000e+003 -6.2745637e-003
  1.2130000e+003 -4.5649134e-003
  1.2140000e+003 -2.2942973e-001
  1.2150000e+003 -5.2856066e-001
  1.2160000e+003 -4.8685258e-001
  1.2170000e+003 -5.1003897e-001
  1.2180000e+003 -4.8731052e-001
  1.2190000e+003 -3.2816763e-001
  1.2200000e+003 -2.8539909e-001
  1.2210000e+003 -2.4250541e-001
  1.2220000e+003 -1.9569220e-001
  1.2230000e+003 -1.6991459e-001
  1.2240000e+003 -1.5647915e-001
  1.2250000e+003 -1.5647915e-001
  1.2260000e+003 -1.5647915e-001
  1.2270000e+003 -1.5647915e-001
  1.2280000e+003 -1.5647915e-001
  1.2290000e+003 -1.5647915e-001
  1.2300000e+003 -1.5647915e-001
  1.2310000e+003 -1.5647915e-001
  1.2320000e+003 -1.3332794e-001
  1.2330000e+003 -1.5336945e-001
  1.2340000e+003 -1.5336945e-001
  1.2350000e+003 -1.5336945e-001
  1.2360000e+003 -1.5336945e-001
  1.2370000e+003 -1.3226261e-001
  1.2380000e+003 -6.2964873e-002
  1.2390000e+003 -6.3830359e-002
  1.2400000e+003 -4.0625422e-002
  1.2410000e+003  2.7446538e-002
  1.2420000e+003  1.4135749e-001
  1.2430000e+003  2.7624168e-001
  1.2440000e+003 -1.7333713e-002
  1.2450000e+003 -2.4941422e-001
  1.2460000e+003 -2.3975245e-001
  1.2470000e+003 -2.2216248e-001
  1.2480000e+003  8.3147317e-002
  1.2490000e+003  3.6378826e-001
  1.2500000e+003  7.3090255e-001
  1.2510000e+003  9.2261260e-001
  1.2520000e+003  8.8810023e-001
  1.2530000e+003  5.4989497e-001
  1.2540000e+003  2.7256949e-001
  1.2550000e+003  1.0339064e-001
  1.2560000e+003  2.9764268e-001
  1.2570000e+003  2.1592965e-001
  1.2580000e+003  1.7633945e-001
  1.2590000e+003  1.3347219e-001
  1.2600000e+003 -6.2365008e-002
  1.2610000e+003 -2.4284736e-001
  1.2620000e+003 -2.4145321e-001
  1.2630000e+003 -6.7583708e-002
  1.2640000e+003 -6.7583708e-002
  1.2650000e+003 -6.7583708e-002
  1.2660000e+003 -6.7583708e-002
  1.2670000e+003 -6.7583708e-002
  1.2680000e+003  1.7482043e-001
  1.2690000e+003 -1.6312188e-002
  1.2700000e+003  1.3347219e-001
  1.2710000e+003  3.7414355e-002
  1.2720000e+003  9.0176521e-002
  1.2730000e+003  1.4549396e-001
  1.2740000e+003  4.5883087e-002
  1.2750000e+003 -4.5161702e-003
  1.2760000e+003  1.0164276e-001
  1.2770000e+003  5.1612550e-002
  1.2780000e+003  3.8300287e-001
  1.2790000e+003  4.0043217e-001
  1.2800000e+003  2.4180069e-001
  1.2810000e+003  3.6889319e-001
  1.2820000e+003  2.2183951e-002
  1.2830000e+003 -9.4472106e-002
  1.2840000e+003 -4.1584502e-001
  1.2850000e+003 -1.0493151e+000
  1.2860000e+003 -9.3267546e-001
  1.2870000e+003 -8.1493947e-001
  1.2880000e+003 -6.9626034e-001
  1.2890000e+003 -5.7679148e-001
  1.2900000e+003 -4.5668613e-001
  1.2910000e+003 -3.3609762e-001
  1.2920000e+003 -2.1517925e-001
  1.2930000e+003 -1.5647915e-001
  1.2940000e+003 -1.5647915e-001
  1.2950000e+003 -1.5647915e-001
  1.2960000e+003 -1.5647915e-001
  1.2970000e+003 -1.5647915e-001
  1.2980000e+003 -1.5647915e-001
  1.2990000e+003 -1.5647915e-001
  1.3000000e+003 -1.5647915e-001
  1.3010000e+003 -1.5647915e-001
  1.3020000e+003 -1.5647915e-001
  1.3030000e+003 -1.5647915e-001
  1.3040000e+003 -1.5647915e-001
  1.3050000e+003 -1.5647915e-001
  1.3060000e+003 -1.5647915e-001
  1.3070000e+003 -1.5647915e-001
  1.3080000e+003 -1.5647915e-001
  1.3090000e+003 -1.5647915e-001
  1.3100000e+003 -1.5647915e-001
  1.3110000e+003 -1.5647915e-001
  1.3120000e+003 -1.5647915e-001
  1.3130000e+003 -1.5647915e-001
  1.3140000e+003 -1.5647915e-001
  1.3150000e+003 -1.5647915e-001
  1.3160000e+003 -1.5647915e-001
  1.3170000e+003 -1.5647915e-001
  1.3180000e+003 -1.0672029e-001
  1.3190000e+003  1.7593156e-001
  1.3200000e+003  4.0466955e-001
  1.3210000e+003  6.3387823e-001
  1.3220000e+003  3.6286264e-001
  1.3230000e+003  4.6869732e-001
  1.3240000e+003  4.7284082e-001
  1.3250000e+003  4.5688547e-001
  1.3260000e+003  3.8110972e-001
  1.3270000e+003  2.4154201e-001
  1.3280000e+003  3.4735907e-001
  1.3290000e+003  1.8708978e-001
  1.3300000e+003  1.3749103e-002
  1.3310000e+003  6.1196291e-002
  1.3320000e+003 -2.1151412e-001
  1.3330000e+003 -2.1078624e-001
  1.3340000e+003 -2.3441686e-001
  1.3350000e+003 -2.5643764e-001
  1.3360000e+003 -2.3101230e-001
  1.3370000e+003 -2.0692841e-001
  1.3380000e+003 -3.5544663e-001
  1.3390000e+003 -3.2478861e-001
  1.3400000e+003 -3.1559327e-001
  1.3410000e+003 -3.0632470e-001
  1.3420000e+003 -3.7383999e-001
  1.3430000e+003 -5.2018248e-001
  1.3440000e+003 -4.2141728e-001
  1.3450000e+003 -3.1676169e-001
  1.3460000e+003 -2.3068597e-001
  1.3470000e+003 -0.0000000e+000
  1.3480000e+003  0.0000000e+000
  1.3490000e+003  0.0000000e+000
  1.3500000e+003  0.0000000e+000
  1.3510000e+003  0.0000000e+000
  1.3520000e+003  0.0000000e+000
  1.3530000e+003  0.0000000e+000
  1.3540000e+003  0.0000000e+000
  1.3550000e+003  0.0000000e+000
  1.3560000e+003  0.0000000e+000
  1.3570000e+003  0.0000000e+000
  1.3580000e+003  0.0000000e+000
  1.3590000e+003  0.0000000e+000
  1.3600000e+003  0.0000000e+000
  1.3610000e+003  0.0000000e+000
  1.3620000e+003  0.0000000e+000
  1.3630000e+003  0.0000000e+000
  1.3640000e+003  0.0000000e+000
  1.3650000e+003  0.0000000e+000
  1.3660000e+003  0.0000000e+000
  1.3670000e+003  0.0000000e+000
  1.3680000e+003  0.0000000e+000
  1.3690000e+003  0.0000000e+000
  1.3700000e+003  0.0000000e+000
  1.3710000e+003  0.0000000e+000
  1.3720000e+003  0.0000000e+000
  1.3730000e+003  0.0000000e+000
  1.3740000e+003  0.0000000e+000
  1.3750000e+003  0.0000000e+000
  1.3760000e+003  0.0000000e+000
  1.3770000e+003  0.0000000e+000
  1.3780000e+003  0.0000000e+000
  1.3790000e+003  0.0000000e+000
  1.3800000e+003  0.0000000e+000
  1.3810000e+003  0.0000000e+000
  1.3820000e+003  0.0000000e+000
  1.3830000e+003  0.0000000e+000
  1.3840000e+003  0.0000000e+000
  1.3850000e+003  0.0000000e+000
  1.3860000e+003  0.0000000e+000
  1.3870000e+003  0.0000000e+000
  1.3880000e+003  0.0000000e+000
  1.3890000e+003  0.0000000e+000
  1.3900000e+003  0.0000000e+000
  1.3910000e+003  0.0000000e+000
  1.3920000e+003  0.0000000e+000
  1.3930000e+003  0.0000000e+000
  1.3940000e+003  0.0000000e+000
  1.3950000e+003  0.0000000e+000
  1.3960000e+003  0.0000000e+000
  1.3970000e+003  0.0000000e+000
  1.3980000e+003  0.0000000e+000
  1.3990000e+003  0.0000000e+000
  1.4000000e+003  0.0000000e+000
  1.4010000e+003  0.0000000e+000
  1.4020000e+003  0.0000000e+000
  1.4030000e+003  0.0000000e+000
  1.4040000e+003  0.0000000e+000
  1.4050000e+003  0.0000000e+000
  1.4060000e+003  0.0000000e+000
  1.4070000e+003  0.0000000e+000
  1.4080000e+003  0.0000000e+000
  1.4090000e+003  0.0000000e+000
  1.4100000e+003  0.0000000e+000
  1.4110000e+003  0.0000000e+000
  1.4120000e+003  0.0000000e+000
  1.4130000e+003  0.0000000e+000
  1.4140000e+003  0.0000000e+000
  1.4150000e+003  0.0000000e+000
  1.4160000e+003  0.0000000e+000
  1.4170000e+003  0.0000000e+000
  1.4180000e+003  0.0000000e+000
  1.4190000e+003  0.0000000e+000
  1.4200000e+003  0.0000000e+000
  1.4210000e+003  0.0000000e+000
  1.4220000e+003  0.0000000e+000
  1.4230000e+003  0.0000000e+000
  1.4240000e+003  0.0000000e+000
  1.4250000e+003  0.0000000e+000
  1.4260000e+003  0.0000000e+000
  1.4270000e+003  0.0000000e+000
  1.4280000e+003  0.0000000e+000
  1.4290000e+003  0.0000000e+000
  1.4300000e+003  0.0000000e+000
  1.4310000e+003  0.0000000e+000
  1.4320000e+003  0.0000000e+000
  1.4330000e+003  0.0000000e+000
  1.4340000e+003  0.0000000e+000
  1.4350000e+003  0.0000000e+000
  1.4360000e+003  0.0000000e+000
  1.4370000e+003  0.0000000e+000
  1.4380000e+003  0.0000000e+000
  1.4390000e+003  0.0000000e+000
  1.4400000e+003  0.0000000e+000
  1.4410000e+003  0.0000000e+000
  1.4420000e+003  0.0000000e+000
  1.4430000e+003  0.0000000e+000
  1.4440000e+003  0.0000000e+000
  1.4450000e+003  0.0000000e+000
  1.4460000e+003  0.0000000e+000
  1.4470000e+003  0.0000000e+000
  1.4480000e+003  0.0000000e+000
  1.4490000e+003  0.0000000e+000
  1.4500000e+003  0.0000000e+000
  1.4510000e+003  0.0000000e+000
  1.4520000e+003  0.0000000e+000
  1.4530000e+003  0.0000000e+000
  1.4540000e+003  0.0000000e+000
  1.4550000e+003  0.0000000e+000
  1.4560000e+003  0.0000000e+000
  1.4570000e+003  0.0000000e+000
  1.4580000e+003  0.0000000e+000
  1.4590000e+003  0.0000000e+000
  1.4600000e+003  0.0000000e+000
  1.4610000e+003  0.0000000e+000
  1.4620000e+003  0.0000000e+000
  1.4630000e+003  0.0000000e+000
  1.4640000e+003  0.0000000e+000
  1.4650000e+003  0.0000000e+000
  1.4660000e+003  0.0000000e+000
  1.4670000e+003  0.0000000e+000
  1.4680000e+003  0.0000000e+000
  1.4690000e+003  0.0000000e+000
  1.4700000e+003  0.0000000e+000
  1.4710000e+003  0.0000000e+000
  1.4720000e+003  0.0000000e+000
  1.4730000e+003  0.0000000e+000
  1.4740000e+003  0.0000000e+000
  1.4750000e+003  0.0000000e+000
  1.4760000e+003  0.0000000e+000
  1.4770000e+003  0.0000000e+000
  1.4780000e+003  0.0000000e+000
  1.4790000e+003  0.0000000e+000
  1.4800000e+003  0.0000000e+000
  1.4810000e+003  0.0000000e+000
  1.4820000e+003  0.0000000e+000
  1.4830000e+003  0.0000000e+000
  1.4840000e+003  0.0000000e+000
  1.4850000e+003  0.0000000e+000
  1.4860000e+003  0.0000000e+000
  1.4870000e+003  0.0000000e+000
  1.4880000e+003  0.0000000e+000
  1.4890000e+003  0.0000000e+000
  1.4900000e+003  0.0000000e+000
  1.4910000e+003  0.0000000e+000
  1.4920000e+003  0.0000000e+000
  1.4930000e+003  0.0000000e+000
  1.4940000e+003  0.0000000e+000
  1.4950000e+003  0.0000000e+000
  1.4960000e+003  0.0000000e+000
  1.4970000e+003  0.0000000e+000
  1.4980000e+003  0.0000000e+000
  1.4990000e+003  0.0000000e+000
  1.5000000e+003  0.0000000e+000
