   0.0000000e+00
   0.0000000e+00
   0.0000000e+00
   0.0000000e+00
   0.0000000e+00
   0.0000000e+00
   0.0000000e+00
   0.0000000e+00
   0.0000000e+00
   0.0000000e+00
   0.0000000e+00
   0.0000000e+00
   0.0000000e+00
   0.0000000e+00
   0.0000000e+00
   0.0000000e+00
   0.0000000e+00
   0.0000000e+00
   0.0000000e+00
   0.0000000e+00
   0.0000000e+00
   7.8792856e+01
   1.5783331e+02
   2.1512231e+02
   3.0803963e+02
   3.7096584e+02
   4.0947421e+02
   8.6708162e+01
   1.5423432e+02
   5.0290461e+02
   2.2440174e+02
   1.7331505e+02
   5.6269945e+01
  -4.1417604e+01
  -7.8143189e+01
  -7.6254052e+01
  -5.6846872e+01
  -7.2727402e+01
  -3.9008950e+02
  -2.5140865e+02
   2.1995485e+01
   6.2360061e+01
   6.3665501e+01
   9.3813058e+01
   1.9023020e+02
   3.6334461e+02
   4.0220593e+02
   3.5418511e+02
   7.7483954e+01
  -2.5755833e+00
   1.7111596e+01
  -2.0769587e+02
  -3.5218741e+02
  -2.5793145e+02
  -1.5590549e+02
   2.3556905e+01
   3.2081234e+02
   3.9421583e+02
   3.7423000e+02
   3.6225072e+02
   2.5167101e+02
   1.2723248e+02
   1.0724397e+02
   6.4098862e+01
  -4.4544819e+01
   1.9724508e+01
   8.4693626e+01
   6.3454860e+01
   2.0015680e+01
   1.9869699e+01
   4.1341730e+01
   1.5205427e+02
   1.5542253e+02
   6.6378171e+01
  -2.3275555e+01
  -6.6619675e+01
   6.4098862e+01
   1.3190333e+02
   1.8082347e+02
   4.4676847e+01
  -2.3337868e+01
   1.3603249e+02
   1.8620516e+02
   2.4040018e+02
   3.2579344e+02
   2.3212594e+02
   1.8455293e+02
   1.3418156e+02
   1.3581028e+02
   1.3744770e+02
   5.7116471e+01
   3.3403297e+00
   2.9745398e+01
   2.9549135e+01
   8.2777191e+01
   1.6486008e+02
  -4.9799860e+01
  -7.5547903e+01
  -4.9185052e+01
   1.3256146e+02
   1.8812699e+02
   1.6422543e+02
   1.1159299e+02
   8.5018069e+01
   3.0741402e+01
  -7.6314297e+01
  -1.0138442e+02
   8.0936516e+01
   1.3472351e+02
   1.9100348e+02
   1.9462099e+02
   2.2672877e+02
   1.7384920e+02
   1.1864053e+02
   5.3687353e+00
  -7.8190853e+01
  -7.2203587e+02
  -6.8554549e+02
  -5.9821357e+02
  -5.1003831e+02
  -4.2113470e+02
  -3.3161776e+02
  -2.4160248e+02
  -1.5120387e+02
  -6.0536918e+01
   0.0000000e+00
   0.0000000e+00
   0.0000000e+00
   0.0000000e+00
   0.0000000e+00
   0.0000000e+00
   0.0000000e+00
   0.0000000e+00
   0.0000000e+00
   0.0000000e+00
   0.0000000e+00
   0.0000000e+00
   0.0000000e+00
   0.0000000e+00
   0.0000000e+00
   0.0000000e+00
   0.0000000e+00
   0.0000000e+00
   0.0000000e+00
   0.0000000e+00
   0.0000000e+00
   0.0000000e+00
   0.0000000e+00
   0.0000000e+00
   0.0000000e+00
   0.0000000e+00
   0.0000000e+00
   0.0000000e+00
   0.0000000e+00
   0.0000000e+00
   0.0000000e+00
   0.0000000e+00
   0.0000000e+00
   0.0000000e+00
   0.0000000e+00
   0.0000000e+00
   0.0000000e+00
   0.0000000e+00
   0.0000000e+00
   9.5339356e+01
   1.9967852e+02
   2.9969028e+02
   3.9997038e+02
   5.0063381e+02
   6.0179558e+02
   5.0123870e+02
   4.8613736e+02
   3.8196582e+02
   1.8389374e+02
  -1.1304952e+02
  -8.8924003e+01
  -4.4659896e+01
   1.0774040e+02
   8.6740720e+01
   8.7565149e+01
   1.3425795e+02
   3.7996989e+02
  -1.1596252e+02
  -4.8370953e+02
  -2.2055739e+02
  -5.2880689e+02
  -2.3584482e+02
  -4.9062830e+01
   1.7004714e+02
   1.0992431e+02
   2.7597963e+02
   4.6246181e+02
   5.3303682e+02
   7.1502173e+02
   9.0800127e+02
   9.4196065e+02
   9.2651012e+02
   4.3592337e+02
   7.7064785e+02
   5.1383399e+02
   6.8371397e+02
   6.3335006e+02
   7.3849625e+02
   4.7480802e+02
   4.4413978e+02
   4.1107857e+02
   1.2165503e+02
   3.8322752e+01
   7.9086910e+01
   3.7367530e+01
   1.1919002e+02
   1.1919002e+02
   1.1919002e+02
   1.1919002e+02
   2.0234217e+02
   2.0367583e+02
   3.3211359e+02
   3.7996685e+02
   3.8618214e+02
   3.0420210e+02
   3.5210042e+02
   4.0196733e+02
   3.1748820e+02
   3.6680412e+02
   4.6461635e+02
   6.1530271e+02
   5.8138991e+02
   3.9837138e+02
   3.0602435e+02
   2.1124302e+02
   1.1505345e+02
   1.8502706e+01
   1.6094909e+02
   2.5749084e+02
   3.0778219e+02
   3.5958140e+02
   2.6466340e+02
   3.6545790e+02
   2.6952498e+02
   3.2119173e+02
   2.2350446e+02
   1.7420759e+02
   7.4664292e+01
   1.7291087e+02
   1.7291087e+02
   1.7291087e+02
   1.7291087e+02
   1.7291087e+02
   1.2322797e+02
   2.4006274e+01
   2.2873477e+01
  -1.7135495e+02
  -7.6458638e+01
  -3.0033258e+01
   6.3375590e+01
   1.5390649e+01
   1.0828938e+02
   2.9733968e+02
   2.0426873e+02
   2.0495834e+02
   1.5790699e+02
   1.5729491e+01
  -3.2059802e+01
  -3.3031754e+01
  -3.3976434e+01
  -8.0439507e+01
   2.8463388e+02
  -3.5342764e+01
   9.9880902e+01
   5.3947393e+01
   5.3169577e+01
   1.8822851e+02
   2.3459258e+02
   2.8213817e+02
   3.3113958e+02
   3.8187623e+02
   3.8698400e+02
   3.9213430e+02
   5.9249828e+02
   4.0678485e+02
   2.6385938e+02
   3.6447403e+02
   1.6970065e+02
   7.1391431e+01
  -1.2333965e+02
  -1.7142490e+02
  -2.6464029e+02
  -3.5385842e+02
  -3.0523694e+02
   1.4277670e+02
   1.4277670e+02
  -3.7279577e+01
  -3.0081479e+02
   9.1051197e+01
   1.7868854e+02
   9.1051197e+01
  -4.0212871e+01
   8.8824616e+01
   1.3189906e+02
   1.3189906e+02
  -4.1110314e+01
  -8.4262125e+01
  -8.4648423e+01
  -2.4957162e+02
  -3.2658308e+02
  -3.2125360e+02
  -3.5337365e+02
  -3.4611328e+02
  -3.0313865e+02
  -3.3164328e+02
  -5.2108102e+02
  -4.0640034e+02
  -4.8120593e+02
  -3.4604547e+02
  -3.0595749e+02
  -2.1525894e+02
  -1.8336361e+02
   2.9942636e+01
  -7.5703130e+01
  -2.0059161e+02
  -3.1145951e+02
  -5.4254255e+02
  -5.8490505e+02
  -2.1411181e+02
  -1.3716638e+02
  -6.8459035e+01
  -1.9706071e+02
  -1.8011321e+02
  -3.0972938e+02
  -1.4517318e+02
  -1.8474660e+02
  -1.2924427e+02
  -3.8529586e+01
   0.0000000e+00
   0.0000000e+00
   0.0000000e+00
   0.0000000e+00
   0.0000000e+00
   0.0000000e+00
   0.0000000e+00
   0.0000000e+00
   0.0000000e+00
   0.0000000e+00
   0.0000000e+00
   0.0000000e+00
   0.0000000e+00
   0.0000000e+00
   8.7547618e+00
   1.3007090e+02
   2.2996365e+02
   3.3004458e+02
   4.3042869e+02
   4.9486830e+02
   5.0310561e+02
   5.2780593e+02
   2.8756440e+02
   3.7269581e+02
   3.7115408e+02
   4.1777156e+02
   5.5238943e+02
   2.7232186e+02
   2.8021492e+02
   2.0119500e+02
   2.6357084e+02
   3.0022952e+02
   3.3945274e+02
   9.9235881e+01
   1.6133317e+02
   3.9391594e+01
  -2.1484095e+01
   1.2990171e+02
   3.1963503e+02
   2.3066380e+02
   7.3764508e+01
   7.3764508e+01
   7.3764508e+01
   7.3764508e+01
   7.3764508e+01
   1.0557410e+02
   1.7032608e+02
   1.0730766e+02
   4.3420529e+01
  -5.1748018e+01
  -2.0464253e+02
  -2.2982978e+02
  -1.0970845e+02
  -5.1585974e+02
  -5.5470540e+02
  -6.9606835e+02
  -5.0433914e+02
  -4.4655774e+02
  -4.0137558e+02
  -3.5877566e+02
  -2.4500363e+02
  -2.3886818e+02
  -1.4845975e+02
  -5.7786461e+01
  -4.2290293e-15
   1.7034259e-17
  -1.4990438e-17
  -1.4990438e-17
  -1.4990438e-17
  -1.4990438e-17
   6.2712467e+01
   1.7848750e+02
   2.7845712e+02
   3.7867069e+02
   4.7924320e+02
   5.8028965e+02
   6.8192505e+02
   6.0969477e+02
   1.7776632e+02
   5.0438793e+02
   4.3190523e+02
   3.1683312e+02
   8.1669900e+01
   2.8966163e+01
  -2.3421984e+01
  -4.9037868e+01
  -7.3777262e+01
  -1.4570172e+02
  -6.1220859e+02
  -5.9023076e+02
  -5.0198453e+02
  -4.1302042e+02
  -3.2345342e+02
  -2.3339854e+02
  -1.4297078e+02
  -5.2285137e+01
   3.7941723e-15
   4.7015006e-17
   1.4990438e-17
   1.4990438e-17
   1.4990438e-17
   1.4990438e-17
   1.4990438e-17
   1.4990438e-17
   1.4990438e-17
   1.4990438e-17
   1.4990438e-17
   1.4990438e-17
   1.4990438e-17
   1.4990438e-17
   1.4990438e-17
   1.4990438e-17
   1.4990438e-17
   1.4990438e-17
   1.4990438e-17
   9.9820093e+01
   1.9967852e+02
   2.9969028e+02
   3.9997038e+02
   5.0063381e+02
   6.0179558e+02
   7.0357069e+02
   8.0607413e+02
   3.8881596e+02
   3.8269933e+02
   7.1885738e+02
   4.9563206e+02
   2.4163335e+02
   4.3380421e+02
   1.6251755e+02
   2.2756468e+02
   2.3144143e+02
   4.2385800e+01
   1.0557410e+02
   1.0600575e+02
   1.1007477e+01
  -2.0613695e+01
   1.6790293e+02
   7.3764508e+01
  -5.1722905e+01
   4.1118334e+01
   4.0868268e+01
   9.6875067e+00
   7.1055944e+01
   7.1055944e+01
   7.1055944e+01
   7.1055944e+01
   7.1055944e+01
   9.3688850e+00
   1.0132046e+02
   1.0174073e+02
   1.6489975e+02
  -2.0996149e+01
   9.3688850e+00
   7.0390132e+01
   7.0390132e+01
   9.0547605e+00
   8.7451075e+00
   3.8668363e+01
  -2.2653199e+02
  -3.5762551e+02
  -4.4337610e+02
  -4.6323157e+02
  -5.1282955e+02
  -5.5259277e+02
  -4.3579902e+02
  -4.5084307e+02
  -3.6151779e+02
  -2.4656222e+02
  -1.8522273e+02
  -1.0651916e+02
  -2.4897953e+01
   0.0000000e+00
   0.0000000e+00
   0.0000000e+00
   0.0000000e+00
   0.0000000e+00
   0.0000000e+00
   1.2606857e+01
   7.5230817e+01
   1.0380621e+02
   6.5836515e+01
   1.6056378e+02
   1.0585508e+02
   9.7505497e+01
   1.6271188e+02
   2.7745656e+02
   3.0354973e+02
   2.8988052e+02
   2.4521554e+02
   2.2472955e+02
   1.9850379e+02
   2.2765085e+02
   2.3852610e+02
   2.0572120e+02
   1.9081189e+02
   1.2897812e+02
   6.4098862e+01
   4.2278492e+01
   4.2278492e+01
   4.2278492e+01
   4.2278492e+01
   4.2278492e+01
   1.7776632e+02
   8.9223737e+01
   9.0057947e+01
  -4.5659249e+01
  -4.5223231e+01
  -1.3614469e+00
   4.2278492e+01
   4.2278492e+01
  -8.6905904e+01
  -2.2420534e+02
  -5.3951667e+02
  -4.5084307e+02
  -3.6151779e+02
  -2.7165585e+02
  -1.8137223e+02
  -9.0781951e+01
   0.0000000e+00
   0.0000000e+00
   0.0000000e+00
   0.0000000e+00
   0.0000000e+00
   0.0000000e+00
   0.0000000e+00
   0.0000000e+00
   0.0000000e+00
   0.0000000e+00
   0.0000000e+00
   0.0000000e+00
   0.0000000e+00
   0.0000000e+00
   0.0000000e+00
   0.0000000e+00
   0.0000000e+00
   9.5339356e+01
   1.9967852e+02
   2.9969028e+02
   3.7114784e+02
   2.2565108e+02
   2.1965045e+02
   1.7423465e+02
   2.5702909e+01
   2.5702909e+01
   1.0306304e+02
   5.7915964e+01
   2.6990567e+01
  -3.9560778e+00
  -4.8556163e+01
   1.0756168e+01
  -1.8530592e+01
   8.5113430e+01
   4.0824745e+01
   1.0850732e+01
  -3.3033484e+01
   1.0383309e+01
   2.4799538e+01
   3.9482743e+01
   8.5113430e+01
   1.1906035e+02
   1.7394243e+02
   1.4723846e+02
   2.0824530e+02
   1.8016393e+02
   5.2084937e+01
   5.2379387e+01
   1.1014726e+02
   1.1238791e+02
   1.1463968e+02
   5.6269945e+01
   3.6625612e+01
   3.6625612e+01
   7.6697792e+01
   2.4618110e+02
   3.4924241e+02
   2.4890053e+02
   1.6153661e+02
   1.6496248e+02
  -1.6006290e+02
  -6.1946676e+02
  -5.3148538e+02
  -4.4274779e+02
  -3.5336897e+02
  -2.6346394e+02
  -1.7314770e+02
  -8.2535239e+01
   1.2371316e-14
  -2.0438016e-18
  -2.0438016e-18
  -2.0438016e-18
  -2.0438016e-18
  -2.0438016e-18
  -2.0438016e-18
  -2.0438016e-18
  -2.0438016e-18
  -2.0438016e-18
  -2.0438016e-18
  -2.0438016e-18
  -2.0438016e-18
  -2.0438016e-18
  -2.0438016e-18
  -2.0438016e-18
  -2.0438016e-18
  -2.0438016e-18
  -2.0438016e-18
  -2.0438016e-18
  -2.0438016e-18
  -2.0438016e-18
  -2.0438016e-18
  -2.0438016e-18
  -2.0438016e-18
  -2.0438016e-18
   3.7734645e+01
   1.0461077e+02
   2.3602264e+02
   2.2849710e+02
   2.6936550e+02
   2.0402588e+02
   1.9650593e+02
   3.6300470e+02
   3.9016026e+02
   2.9020646e+02
   2.6859155e+02
   2.6214575e+02
   2.9774999e+02
   2.1964824e+02
   1.1073578e+02
   1.3544016e+02
   6.7698610e+01
   6.8030794e+01
   4.5166400e+01
   9.1736324e+01
   6.9032377e+01
   4.5907025e+01
  -6.8771048e+01
  -6.7805535e+01
  -3.5233480e+02
  -3.7676037e+02
  -4.4005505e+02
  -2.7625248e+02
  -2.1942560e+02
  -2.7745894e+02
  -2.0844541e+02
  -1.3914572e+02
  -6.5660739e+01
  -2.3535620e+01
   0.0000000e+00
   0.0000000e+00
   0.0000000e+00
   0.0000000e+00
   0.0000000e+00
   0.0000000e+00
   0.0000000e+00
   0.0000000e+00
   0.0000000e+00
   0.0000000e+00
   0.0000000e+00
   0.0000000e+00
   0.0000000e+00
   0.0000000e+00
   1.7159333e+01
   5.9376543e+01
   4.8372919e+01
   1.2839531e+02
   2.3016735e+02
   2.2360373e+02
   2.7926610e+02
   1.6184449e+02
   2.8257295e+02
   6.8932191e+01
  -4.0327428e+00
   2.4799538e+01
   2.9822697e+02
   1.9755314e+02
   1.8961731e+02
   2.9734376e+02
   2.3307974e+02
   3.6625612e+01
  -4.1417604e+01
   1.5597504e+02
   1.6043177e+02
   7.9860029e+01
  -1.5980452e+02
  -1.3503198e+02
  -1.6448383e+02
  -3.6548941e+02
  -3.7100524e+02
  -2.9743780e+02
  -2.2346716e+02
  -1.4329646e+02
  -6.0771573e+01
  -3.5290630e+01
  -1.3685041e+01
  -6.3237338e+00
   6.7896624e-01
   7.9986526e+01
   1.9665083e+02
   2.7379291e+02
   3.3494702e+02
   2.0402588e+02
   3.0354973e+02
   3.4206946e+02
   3.0454915e+02
   3.9122983e+02
   3.6063620e+02
   3.4052706e+02
   2.6603388e+02
   2.7717326e+02
   1.8929886e+02
   1.6910172e+02
   1.2249519e+02
   1.4927867e+02
   1.2616542e+02
   5.1309942e+01
  -2.3556201e+01
   2.5647154e+01
   8.6755124e-01
  -7.1539582e+01
  -1.1704075e+02
  -2.4582820e+02
  -3.7141555e+02
  -3.4092947e+02
  -3.8536877e+02
  -3.3555337e+02
  -1.8631879e+02
  -2.4419026e+02
  -2.4156710e+02
  -1.6498394e+02
  -7.9910810e+01
  -1.7654315e+01
   2.0384988e+00
  -3.6978813e+00
   3.7501860e-16
   8.2866253e+01
   1.9059587e+02
   2.9058894e+02
   3.9083989e+02
   4.2399872e+02
   2.8654567e+02
   1.7296776e+02
   2.1778782e+02
   2.4977278e+02
   2.8528549e+02
   2.8122233e+02
   4.3508595e+02
   3.9281698e+02
   2.8839531e+02
   1.7187862e+02
   1.2458707e+02
   2.0339262e+02
   5.2114044e+01
   5.2114044e+01
   2.6720005e+01
  -2.3548177e+01
   1.1335896e+00
   5.0514077e+01
   5.0514077e+01
   2.5647154e+01
  -9.5797412e+01
   2.4436603e+01
   4.8431383e+01
   4.8431383e+01
   4.8431383e+01
   4.8431383e+01
   4.8431383e+01
   7.2770640e+01
   1.4744757e+02
   1.7536969e+02
   4.4769453e+02
   3.2836971e+02
   3.4000337e+02
   3.5173730e+02
   6.3974187e+01
   2.4163335e+02
   1.8570218e+02
   1.5780656e+02
   3.7955088e+01
   7.8427220e+00
   6.7127758e+01
   3.7251681e+01
  -2.2031658e+01
  -8.0017817e+01
   3.5199811e+01
  -7.9259998e+01
  -7.8599559e+01
   3.2808133e+01
  -2.2938197e+01
   3.1969345e+01
  -1.8336361e+02
  -1.0186965e+02
   2.8773767e+01
   5.4854982e+01
   5.4854982e+01
   5.4854982e+01
  -2.3437686e+01
   2.8013743e+01
   5.3747304e+01
   2.0800120e+00
  -4.8732172e+01
  -1.2196723e+02
  -7.1893814e+01
  -1.1775521e+02
  -2.9033114e+02
  -3.3307896e+02
  -2.9096587e+02
  -2.3608219e+02
  -1.8814566e+02
   2.9844699e+01
   1.8961731e+02
   1.7926108e+02
   1.2771842e+02
   1.5080795e+02
   1.5523477e+02
   1.5968716e+02
   2.0756823e+02
   2.6049419e+02
   2.7159344e+02
   1.8543385e+02
   4.6155592e+01
   9.3428150e+01
   9.4279170e+01
   9.5133630e+01
   1.9474584e+02
   1.2353934e+02
   2.2772928e+02
   7.7326369e+01
   7.7683179e+01
   7.8040914e+01
   2.7084978e+01
  -1.7064971e+02
  -9.5532895e+01
  -7.0638471e+01
  -2.2598495e+02
  -1.3227486e+02
  -6.5812909e+01
   1.0674832e+02
   1.0823763e+02
   1.3249077e+02
   8.8807866e+01
   1.5949116e+02
   2.1122530e+02
   1.9240622e+02
   1.2197444e+02
   1.9944884e+02
   2.0418409e+02
   1.0387300e+02
   2.7268858e+01
   2.7084978e+01
   2.6902028e+01
  -4.8411542e+01
  -4.8076183e+01
   2.5296808e+01
   4.9726363e+01
  -4.7636584e+01
  -4.7268834e+01
  -9.3112450e+01
   1.4140109e+02
   1.6840968e+02
   1.2197444e+02
   9.8586369e+01
   6.9469911e-01
   9.8586369e+01
   4.9726363e+01
   4.9726363e+01
  -2.3558490e+01
  -2.3547538e+01
  -7.0455612e+01
  -2.3479706e+01
   2.2781956e+01
   4.5907025e+01
   4.5907025e+01
  -4.8948945e-01
   2.2302286e+01
   4.5166400e+01
  -2.3375271e+01
  -2.3317921e+01
   4.3707700e+01
   1.1224440e+02
   2.1674478e+01
  -2.3297149e+01
  -1.5189710e+02
  -1.8681748e+02
  -2.1598050e+02
  -7.8455611e+01
   3.4703349e+01
   5.3861846e+01
   2.1443403e+02
   2.0203606e+02
   1.6566467e+02
   8.2666187e+01
   8.3474830e+01
   1.5071253e+02
   8.6329709e+01
   6.4746056e+01
   6.5070858e+01
   8.7978576e+01
  -2.3229911e+01
  -1.3614469e+00
   4.2278492e+01
   4.2278492e+01
  -2.3101634e+01
  -1.6602384e+00
  -1.7742145e+00
   4.0647435e+01
   8.3880315e+01
   1.5138301e+02
   4.2278492e+01
  -4.4544819e+01
   4.1341730e+01
  -6.4993428e+01
   1.2665216e+02
   1.7396299e+02
   1.5542253e+02
  -6.7018226e+01
  -1.9047423e+02
  -3.4857939e+02
  -3.0186400e+02
  -4.4686915e+02
  -3.7237597e+02
  -2.8257295e+02
  -1.9233432e+02
  -1.0177509e+02
  -1.1010245e+01
   0.0000000e+00
   0.0000000e+00
   0.0000000e+00
   3.5019047e+01
   1.6032843e+02
   2.6026605e+02
   3.6042671e+02
   4.6092541e+02
   3.7829707e+02
   2.0741556e+02
   2.7597963e+02
   2.3634901e+02
   2.0843977e+02
   2.3852610e+02
   3.6191599e+02
   4.5858023e+02
   3.3639162e+02
   1.9709335e+02
   1.2511228e+02
   7.5908324e+01
   5.1043743e+01
   5.1043743e+01
  -1.4439458e+02
   4.4211706e-01
  -2.3535815e+01
  -4.6887020e+01
  -2.3467334e+01
  -6.8771048e+01
  -2.3337868e+01
  -6.7216282e+01
  -2.1142127e+02
  -3.4857939e+02
  -5.9371020e+01
   3.4493263e+01
   9.2230706e+01
   1.7414098e+02
   1.3811927e+02
  -2.5311139e+00
   3.7279212e+01
   7.7878126e+01
  -2.2393322e+01
   3.7060620e+01
   3.7060620e+01
   2.0295624e+02
   1.4471327e+02
   1.7017943e+02
   8.5101460e+01
   1.0823763e+02
   1.3249077e+02
   6.6050120e+01
   2.1212325e+01
  -6.6819356e+01
  -1.4913432e+02
  -4.3473704e+01
  -6.3104168e+01
  -2.2477766e+01
  -4.1949319e+01
  -6.0490670e+01
  -4.0736879e+01
  -1.6448383e+02
  -4.3194109e+02
  -3.8864800e+02
  -2.9893654e+02
  -2.0876856e+02
  -1.1825907e+02
  -2.7523053e+01
  -9.1864829e-16
   8.5171296e-18
   8.5171296e-18
   8.5171296e-18
   8.5171296e-18
   8.5171296e-18
   8.5171296e-18
   8.5171296e-18
   8.5171296e-18
   8.5171296e-18
   8.5171296e-18
   8.5171296e-18
   8.5171296e-18
   8.5171296e-18
   8.5171296e-18
   8.5171296e-18
   8.5171296e-18
   8.5171296e-18
   8.5171296e-18
   8.5171296e-18
   8.5171296e-18
   8.5171296e-18
   8.5171296e-18
   8.5171296e-18
   8.5171296e-18
   8.5171296e-18
   8.5171296e-18
   8.5171296e-18
   8.5171296e-18
   8.5171296e-18
   1.4236216e+01
   1.0348760e+02
   2.2087644e+02
   3.2093551e+02
   4.2128731e+02
   4.8621034e+02
   2.7091545e+02
   2.9344958e+02
   3.7778764e+02
   2.7869054e+02
   2.4947281e+02
   2.1498662e+02
   2.2245471e+02
   2.5404537e+02
   1.1681501e+02
   1.9162809e+02
   1.7118307e+02
   1.4927867e+02
  -2.3561407e+01
  -7.1539582e+01
  -7.0638471e+01
   4.7158404e+01
  -1.1523939e+02
  -3.4378064e+02
  -3.5621064e+02
  -1.5322957e+02
  -1.2926392e+02
  -3.8120852e+02
  -3.7100524e+02
  -2.7256868e+02
  -1.0064620e+02
  -3.1311004e+01
  -3.8351313e+01
  -2.8179349e+01
  -1.9073338e+01
  -1.8269472e+01
   4.4951499e+00
   2.7704140e+01
   2.8350484e+01
  -1.0661227e+01
   4.4951499e+00
  -3.0844894e+01
  -5.1539800e+01
  -8.0627952e+01
  -2.3657242e+01
  -3.2865070e+01
  -1.2646214e+01
   0.0000000e+00
   8.7547632e-02
   3.4411112e+00
   1.6180405e+01
   6.7927277e+01
   2.0876243e+02
   2.8522953e+02
   3.3183317e+02
   1.6731255e+02
   8.4675877e+01
   2.3363324e+02
   3.5981597e+02
   3.6333151e+02
   2.1684388e+02
   7.0891880e+01
   5.2674513e+01
   5.2970319e+01
   9.1757979e+01
   1.9378699e+02
   1.3811927e+02
   2.0572120e+02
   1.9081189e+02
   1.5138301e+02
   2.0310022e+01
   2.0162453e+01
   8.5919498e+01
   1.3190333e+02
   1.3425795e+02
   9.0057947e+01
   1.3781447e+02
   9.2580543e+01
   1.1732707e+02
   7.0718643e+01
   4.7158404e+01
   4.7158404e+01
   2.3433434e+01
   2.3269278e+01
   4.6655283e+01
  -2.3467334e+01
   2.2621220e+01
  -4.6082023e+01
  -6.7805535e+01
  -1.5189710e+02
  -1.8681748e+02
  -3.4092947e+02
  -2.3055610e+02
  -3.5552593e+02
  -1.8577611e+02
  -2.2421263e+02
  -2.9348366e+02
  -2.0329170e+02
  -1.1276521e+02
  -2.2019159e+01
   7.0120032e-16
   2.3507568e-17
  -8.5171296e-18
  -8.5171296e-18
  -8.5171296e-18
  -8.5171296e-18
  -8.5171296e-18
  -8.5171296e-18
  -8.5171296e-18
  -8.5171296e-18
  -8.5171296e-18
  -8.5171296e-18
  -8.5171296e-18
  -8.5171296e-18
  -8.5171296e-18
  -8.5171296e-18
   4.1459878e+01
   1.6335467e+02
   2.6329737e+02
   3.6346658e+02
   4.6397731e+02
   5.6494456e+02
   4.9435653e+02
   4.1927383e+02
   1.4140701e+02
  -6.2675967e+01
  -6.1592452e+01
  -4.0518199e+02
  -4.5623693e+02
  -3.6694788e+02
  -2.7711519e+02
  -1.8685386e+02
  -9.6278885e+01
  -5.5052762e+00
   0.0000000e+00
   0.0000000e+00
   0.0000000e+00
   0.0000000e+00
   0.0000000e+00
   0.0000000e+00
   0.0000000e+00
   0.0000000e+00
   0.0000000e+00
   0.0000000e+00
   3.5019046e-01
   1.9108516e+01
   6.6039829e+01
   1.7958602e+02
   2.9665626e+02
   2.4803397e+02
   1.2014913e+02
   3.0186380e+01
  -2.5880025e+01
   4.0875844e+01
   5.3338103e+01
   1.8986177e+01
   1.3060057e+02
   2.2621440e+02
   2.4850732e+02
   2.8866372e+02
   2.2009930e+02
   2.7186548e+02
   1.2836328e+02
   9.2230706e+01
   3.5125598e+01
  -2.1825995e+01
  -2.1668323e+01
   9.0814585e+01
   9.2230706e+01
   7.3968803e+01
   1.6216115e+01
  -2.9806180e+00
  -3.0531384e+00
   3.4493263e+01
   1.5597639e+01
  -1.9656072e+02
  -7.1751834e+01
  -2.0463840e+01
   9.9103796e+01
   6.5610097e+01
   6.6356880e+01
  -5.4721754e+01
  -2.7910610e+02
  -2.4782001e+02
  -2.6521260e+02
  -2.4816351e+02
  -1.2878712e+02
  -9.6705542e+01
  -6.4530096e+01
  -2.9414525e+01
  -1.0078207e+01
   5.9247633e-16
   2.3507568e-17
  -8.5171296e-18
  -8.5171296e-18
  -8.5171296e-18
  -8.5171296e-18
  -8.5171296e-18
  -8.5171296e-18
   1.0112561e+01
   1.3583325e+00
   1.3583325e+00
   1.3583325e+00
   1.3583325e+00
   1.0577903e+01
   4.0847493e+01
   4.0469444e+01
   5.0605472e+01
   8.0339635e+01
   1.3009650e+02
   1.8901457e+02
   6.0779402e+01
  -6.9712533e+01
  -6.2465040e+01
  -4.9270437e+01
   1.0467001e+02
   2.2725535e+02
   3.8761267e+02
   4.7135254e+02
   4.5627738e+02
   3.0854767e+02
   1.8741054e+02
   1.1351239e+02
   1.9836263e+02
   1.6266998e+02
   1.4537679e+02
   1.2665216e+02
   4.1109516e+01
  -6.4786595e+01
  -6.3740814e+01
   3.8829963e+01
   3.8829963e+01
   3.8829963e+01
   3.8829963e+01
   3.8829963e+01
   1.4471327e+02
   6.1225615e+01
   1.2665216e+02
   8.4693626e+01
   1.0774040e+02
   1.3190333e+02
   8.8392814e+01
   6.6378171e+01
   1.1274891e+02
   9.0895467e+01
   2.3564838e+02
   2.4326159e+02
   1.7397058e+02
   2.2948521e+02
   7.8040914e+01
   2.7084978e+01
  -1.9455575e+02
  -6.6973488e+02
  -5.8224106e+02
  -4.9392482e+02
  -4.0490115e+02
  -3.1528504e+02
  -2.2519151e+02
  -1.3473556e+02
  -4.4032174e+01
   3.1419129e-15
   4.7015006e-17
   1.4990438e-17
   1.4990438e-17
   1.4990438e-17
   1.4990438e-17
   1.4990438e-17
   1.4990438e-17
   1.4990438e-17
   1.4990438e-17
   1.4990438e-17
   1.4990438e-17
   1.4990438e-17
   1.4990438e-17
   1.4990438e-17
   1.4990438e-17
   1.4990438e-17
   1.4990438e-17
   1.4990438e-17
   1.4990438e-17
   1.4990438e-17
   1.4990438e-17
   1.4990438e-17
   1.4990438e-17
   1.4990438e-17
   2.1734913e+01
   1.4519862e+02
   2.4511249e+02
   3.4523197e+02
   2.2685103e+02
   2.7308013e+02
   2.7489004e+02
   2.6792066e+02
   2.3482144e+02
   1.7385758e+02
   2.2007899e+02
   1.5007258e+02
   7.4356534e+01
   9.5081698e+01
  -4.1282877e+01
  -4.0736879e+01
  -5.8462706e+01
  -7.4980952e+01
  -5.5908871e+01
  -3.7843045e+01
  -1.4924966e+02
  -1.2625244e+02
  -1.1935482e+02
  -1.1240227e+02
  -1.6304690e+02
  -2.7282146e+02
  -1.9873561e+02
  -1.2023128e+02
  -5.5664090e+01
   0.0000000e+00
   0.0000000e+00
   0.0000000e+00
